,250 scatter peaks interpolated,255 scatter peaks interpolated,260 scatter peaks interpolated,265 scatter peaks interpolated,270 scatter peaks interpolated,275 scatter peaks interpolated,280 scatter peaks interpolated,285 scatter peaks interpolated,290 scatter peaks interpolated,295 scatter peaks interpolated,300 scatter peaks interpolated,305 scatter peaks interpolated,310 scatter peaks interpolated,315 scatter peaks interpolated,320 scatter peaks interpolated,325 scatter peaks interpolated,330 scatter peaks interpolated,335 scatter peaks interpolated,340 scatter peaks interpolated,345 scatter peaks interpolated,350 scatter peaks interpolated,355 scatter peaks interpolated,360 scatter peaks interpolated,365 scatter peaks interpolated,370 scatter peaks interpolated,375 scatter peaks interpolated,380 scatter peaks interpolated,385 scatter peaks interpolated,390 scatter peaks interpolated,395 scatter peaks interpolated,400 scatter peaks interpolated,405 scatter peaks interpolated,410 scatter peaks interpolated,415 scatter peaks interpolated,420 scatter peaks interpolated,425 scatter peaks interpolated,430 scatter peaks interpolated,435 scatter peaks interpolated,440 scatter peaks interpolated,445 scatter peaks interpolated,450 scatter peaks interpolated,
Wavelength [nm],Absorbance,Absorbance,Absorbance,Absorbance,Absorbance,Absorbance,Absorbance,Absorbance,Absorbance,Absorbance,Absorbance,Absorbance,Absorbance,Absorbance,Absorbance,Absorbance,Absorbance,Absorbance,Absorbance,Absorbance,Absorbance,Absorbance,Absorbance,Absorbance,Absorbance,Absorbance,Absorbance,Absorbance,Absorbance,Absorbance,Absorbance,Absorbance,Absorbance,Absorbance,Absorbance,Absorbance,Absorbance,Absorbance,Absorbance,Absorbance,Absorbance,
251.000,2.525734,-0.01935238,0.5138594,9.883,3.359,7.528,5.598,6.85,5.622,2.129,3.924,2.458,4.149,1.884,3.252,3.793,3.704,1.86,3.239,1.401,3.557,3.134,3.11,1.938,2.664,2.797,2.968,2.016,2.797,3.03,1.947,2.377,3.417,1.439,2.213,1.06,2.534,1.714,2.5,1.72,1.949,
252.000,0.009282937,0.9934521,-0.2420661,5.013194,7.069,7.654,8.941,4.792,5.02,3.103,2.995,1.881,3.303,2.068,2.942,2.9,2.347,1.982,2.726,2.966,2.728,2.007,2.576,2.823,2.314,2.395,3.162,1.692,1.816,2.456,1.718,2.475,2.053,2.241,1.479,1.976,1.942,2.753,2.502,2.255,2.024,
253.000,-3.795234,0.9629415,0.4761826,15.97008,5.54,6.898,7.91,7.87,6.554,5.464,2.835,5.365,3.483,3.316,1.84,4.952,2.072,3.239,2.218,3.207,1.915,2.312,3.242,2.238,3.359,3.229,1.41,1.523,3.19,2.05,2.004,1.996,1.892,1.939,2.012,1.561,2.274,1.609,1.944,1.824,2.068,
254.000,-5.357409,1.433708,0.5119909,10.92633,8.813,6.54,4.054,4.832,6.418,6.356,3.356,4.192,2.66,3.446,1.963,2.378,3.372,1.964,1.708,2.194,1.755,1.569,1.881,1.978,1.616,2.56,2.225,1.582,2.031,2.47,1.82,2.184,1.86,1.538,1.808,2.143,1.916,0.947,1.671,1.484,1.751,
255.000,-2.739632,1.727476,1.650393,12.02533,4.188,4.406,2.746,7.236,4.171,3.249,1.561,3.178,1.695,2.924,2.636,1.728,1.726,1.396,2.876,2.269,2.076,0.988,2.133,1.875,1.661,2.624,1.393,1.837,1.534,2.021,1.535,1.166,1.411,1.242,1.597,1.441,1.301,1.728,1.833,2.067,1.546,
256.000,-2.727734,2.247114,3.725723,9.770492,7.387,7.722,3.225,5.594,4.191,4.954,5.349,2.889,2.601,2.566,4.065,2.967,3.14,3.078,2.164,1.896,1.942,1.75,2.283,1.831,1.967,2.038,1.914,2.561,1.748,1.857,1.263,1.335,1.711,1.063,1.574,1.446,1.767,1.944,1.914,1.296,1.035,
257.000,-5.361183,2.544743,2.326452,9.762219,5.77071,8.66,4.776,4.663,1.455,2.58,3.253,1.692,2.729,2.667,2.037,2.762,1.909,2.197,1.971,1.262,2.229,1.566,1.915,1.959,2.054,1.267,2.211,2.242,2.395,0.747,1.755,1.926,0.738,1.539,2.176,1.82,1.144,1.731,1.995,1.392,1.729,
258.000,-4.906296,3.820091,0.6307359,15.94168,4.690604,6.541,2.113,2.574,2.281,2.931,3.282,1.726,1.902,1.718,1.535,1.903,1.735,2.503,1.942,2.612,2.426,2.288,1.967,2.285,1.237,2.255,0.902,2.528,1.354,1.251,0.719,1.752,2.057,1.57,1.727,1.156,1.787,1.401,2.093,1.686,0.973,
259.000,0.8334971,3.941181,3.774967,13.90385,7.573392,5.555,4.641,6.126,2.87,2.596,1.454,2.904,3.122,3.423,2.492,2.713,1.086,1.735,2.12,2.302,1.889,2.096,1.718,2.268,2.128,2.652,1.752,0.997,1.281,1.605,1.573,1.358,1.633,1.372,1.859,1.338,1.484,1.471,0.995,1.395,1.248,
260.000,-2.508988,4.450802,3.653674,11.53669,6.087584,2.444,1.53,3.574,2.927,1.844,2.667,3.404,2.011,1.957,1.715,2.27,1.915,1.174,1.841,2.066,2.389,3.189,1.854,0.985,1.502,1.458,3.296,1.11,1.828,0.874,1.713,1.306,1.311,1.14,1.045,1.323,1.42,1.702,1.299,1.451,1.538,
261.000,1.565002,5.43976,2.828233,12.13362,4.292751,4.232,5.339,3.626,4.986,3.489,2.919,2.113,1.925,1.945,1.881,1.922,1.817,2.434,1.503,1.381,1.581,1.376,1.631,1.758,1.929,1.639,1.944,1.353,2.129,1.427,1.503,1.559,1.325,1.133,1.526,1.389,1.059,1.18,0.637,1.248,1.221,
262.000,-0.3742125,5.701266,5.676392,15.17984,5.76434,2.016758,4.85,4.372,2.482,1.798,2.254,2.825,2.066,2.696,1.108,1.629,2.101,1.557,1.133,1.28,1.454,1.716,1.886,1.992,1.612,1.506,1.521,1.494,1.199,1.95,0.991,1.357,0.943,0.818,1.231,1.538,1.286,1.075,1.28,0.733,1.01,
263.000,6.96298,6.670009,4.32443,12.88834,6.49438,-0.2032719,4.453,2.547,2.753,3.002,2.422,2.855,1.742,1.266,1.734,1.26,2.621,1.705,0.879,1.779,1.474,2.207,2.436,1.432,2.007,1.941,1.843,1.159,1.681,1.435,1.403,1.559,0.983,0.942,1.374,1.298,1.588,1.145,1.389,0.673,0.915,
264.000,12.491,7.474841,5.580109,11.8797,2.748493,0.1086301,3.528,2.623,2.048,2.422,3.891,1.284,1.695,2.636,1.624,1.76,1.677,2.571,1.29,1.34,1.4,1.442,1.402,1.667,1.686,1.345,1.496,1.845,1.419,1.946,1.312,0.94,1.55,1.252,1.021,1.206,1.238,1.232,0.693,0.964,0.756,
265.000,7.828,7.785954,5.298941,10.94032,4.371326,0.2591848,4.61,2.998,3.122,1.617,2.947,0.908,1.036,0.53,1.424,1.307,1.783,2.006,1.324,1.735,1.696,2.026,1.416,1.148,1.651,1.735,1.738,1.403,0.938,0.934,1.576,1.08,0.782,0.689,0.986,1.138,1.299,0.998,0.988,1.097,1.441,
266.000,18.382,7.873683,5.537868,10.51996,1.489109,-0.1641955,2.781,2.518,3.694,2.36,2.129,2.957,1.714,1.248,1.832,1.998,1.755,1.574,2.328,1.304,1.77,1.436,1.426,1.03,1.38,1.867,1.528,1.053,1.936,0.804,1.229,1.118,0.962,1.523,1.127,0.904,1.068,0.667,1.147,1.264,1.103,
267.000,28.261,9.021824,5.293425,12.37779,4.099632,-0.485432,3.352819,4.333,1.92,2.728,1.997,2.549,1.607,2.124,1.671,1.406,1.151,1.502,1.869,1.465,0.959,1.041,1.307,1.52,1.137,1.299,1.244,1.836,1.074,1.05,1.126,1.047,1.026,1.135,0.959,1.028,0.933,1.027,0.721,1.184,1.024,
268.000,39.918,9.06682,8.671296,5.535931,2.271278,-0.7332608,3.45685,2.602,2.28,3.893,1.728,2.631,2.358,1.761,0.601,1.352,2.239,2.005,1.714,1.417,1.692,1.706,1.159,1.818,1.155,1.544,1.258,1.183,0.86,2.058,1.43,1.124,0.663,1.087,0.757,1.348,1.032,0.954,0.556,1.056,0.748,
269.000,61.064,9.125,7.015132,13.16067,2.540558,-1.115502,1.540403,3.111,2.516,3.283,2.18,2.645,2.314,1.996,1.397,1.689,0.425,1.785,1.906,1.493,1.292,1.205,1.48,1.626,1.721,0.744,0.874,0.934,1.358,1.482,1.002,0.738,1.113,0.963,0.99,1.058,1.153,0.762,0.957,0.945,0.684,
270.000,93.335,10.534,8.662677,8.40984,0.1417651,-0.5405763,2.361807,2.472,2.408,1.817,1.266,1.36,2.223,1.317,1.671,1.551,1.438,1.613,2.198,1.313,1.638,1.254,1.311,1.504,1.313,1.851,1.487,0.819,0.958,1.841,1.41,1.056,0.848,1,0.864,0.801,1.218,0.761,0.951,0.802,0.598,
271.000,95.732,10.47,8.947799,12.5778,2.364388,-1.819506,1.825236,3.518,1.622,2.669,1.519,1.975,1.784,2.103,1.419,1.607,1.23,0.594,1.718,1.363,1.196,1.702,0.933,1.305,0.874,0.666,0.82,1.018,0.969,1.079,0.945,0.998,1.197,0.921,0.989,0.749,0.994,1.197,0.75,1.503,0.569,
272.000,88.08,9.058,6.396309,8.148462,2.666033,-0.4527601,2.386383,3.746037,2.254,2.49,1.78,1.769,1.616,1.439,1.061,0.514,2.124,0.882,1.346,1.339,1.141,1.473,1.231,1.106,1.192,1.164,1.274,1.428,0.772,0.873,0.957,1.004,0.889,0.904,0.945,0.788,0.786,1.036,0.876,0.975,0.704,
273.000,80.821,20.755,9.979841,9.950332,0.07913676,0.9531506,3.095518,5.173805,2.27,2.448,1.944,1.295,1.536,1.502,1.763,2.524,0.621,0.924,1.102,0.967,1.211,1.236,0.953,0.709,1.365,1.365,0.552,1.147,1.205,0.564,1.531,1.175,0.671,0.881,1.063,0.481,0.907,0.497,0.456,0.747,0.926,
274.000,59.55,26.642,9.13,9.756843,5.171104,0.9516741,2.581746,1.242848,2.237,1.964,1.732,1.287,2.25,0.849,2.172,1.652,1.62,0.842,1.81,1.674,1.391,0.999,1.387,1.191,0.668,1.261,1.258,0.684,1.004,0.987,0.697,1.014,0.727,0.773,1.39,0.865,0.761,0.824,0.74,1.107,1.151,
275.000,45.443,52.009,11.51,6.291848,2.141426,-0.6269562,2.088683,1.889154,2.109,1.437,1.828,1.924,1.492,1.356,0.712,1.144,0.55,0.886,1.102,1.701,0.998,0.876,1.969,1.069,1.207,1.088,1.03,1.308,0.876,0.998,1.08,1.257,1.067,0.844,0.596,1.127,0.853,0.966,0.629,0.626,0.785,
276.000,24.45,73.216,5.804,6.606095,1.448796,0.100206,2.496344,3.533306,1.756,2.693,1.992,1.446,0.892,1.218,1.114,1.154,1.042,0.944,1.206,1.586,1.192,1.321,0.722,1.699,0.776,0.992,1.638,1.306,1.009,0.783,0.652,0.726,0.823,0.613,0.583,0.83,0.866,0.622,0.674,1.051,0.97,
277.000,19.764,94.767,8.51,6.216873,0.6215921,1.469346,1.696508,1.177934,1.825109,1.165,2.005,1.952,1.166,1.806,1.563,1.475,0.679,1.851,1.685,1.156,0.921,1.319,1.011,1.033,0.928,1.702,1.468,1.19,0.825,0.73,0.691,0.588,0.762,0.636,0.707,0.753,0.926,0.665,0.951,0.977,0.95,
278.000,13.303,100.143,12.585,7.060523,3.959196,2.507188,1.487774,3.611026,2.000903,1.764,2.104,1.444,1.278,0.666,1.449,1.561,0.709,0.755,0.878,1.495,1.173,1.108,0.991,1.193,1.019,0.801,1.037,0.722,1.241,0.997,0.793,0.555,0.91,0.485,0.572,0.87,0.862,0.586,0.807,0.986,0.518,
279.000,7.02,87.294,15.876,8.706,2.406406,2.575072,4.142171,0.7504427,2.345666,1.768,0.272,2.735,1.418,1.955,2.345,1.072,1.954,0.951,0.986,0.782,0.899,1.407,1.101,1.232,0.948,1.09,0.664,0.988,1.213,0.564,0.95,1.219,0.773,0.841,0.686,0.876,0.696,0.802,0.996,0.784,0.732,
280.000,8.911,75.912,32.114,4.265,2.645854,2.186002,2.787371,2.326944,2.125585,2.361,1.435,1.504,1.434,1.527,0.853,0.821,1.292,1.21,1.5,1.194,0.868,1.032,0.95,1.179,1.551,1.177,0.592,0.908,0.803,0.769,0.719,0.741,0.674,1.024,0.668,0.804,0.996,0.803,0.766,0.54,0.88,
281.000,5.114,51.615,54.101,4.347,0.2335073,2.027003,1.892476,2.6836,1.910084,1.182,1.331,0.989,1.196,0.958,1.319,0.877,0.881,0.516,0.765,0.881,1.034,0.822,1.068,1.144,0.714,0.903,0.912,0.822,1.081,0.938,0.582,0.826,0.839,0.77,0.853,0.808,0.407,1.241,1.152,0.72,0.848,
282.000,6.243,33.259,72.276,7.237,3.603538,3.247751,3.425533,4.221851,2.125691,1.966647,2.162,0.703,1.264,1.181,1.053,1.277,1.918,0.605,0.954,0.954,1.267,0.944,1.09,1.036,0.816,0.814,0.766,0.885,0.841,1.11,0.836,0.715,0.735,0.883,0.558,0.613,0.6,0.588,0.663,0.466,0.804,
283.000,1.057,17.921,80.452,7.056,2.162352,3.296796,2.551563,3.593551,1.959125,1.772392,1.374,1.643,1.173,1.707,1.117,1.409,0.733,0.779,0.487,0.413,1.053,0.988,0.829,1.109,1.194,0.953,0.778,0.689,1.029,0.982,0.689,0.621,0.525,0.622,0.759,0.549,0.762,1.006,0.614,0.575,0.853,
284.000,5.327,9.984,83.003,10.951,4.063,3.756754,2.533321,3.617407,2.086886,1.363443,1.597,1.854,0.658,1.776,1.437,1.562,1.433,0.952,1.376,0.912,1.144,0.662,0.884,0.742,1.341,0.629,0.586,1.327,0.751,0.962,0.599,1.166,0.488,1.176,0.897,0.481,0.562,0.883,0.652,0.798,0.602,
285.000,4.156,6.104,82.452,15.309,4.702,3.982282,3.801557,3.039058,2.08785,1.917881,2.522,0.849,0.975,1.25,0.644,0.978,0.98,1.14,1.42,0.981,1.232,1.109,0.973,1.104,0.986,0.847,0.735,0.685,1.022,1.107,0.886,0.627,0.712,0.601,0.58,0.749,0.692,0.751,0.576,0.61,0.637,
286.000,4.535,9.012,69.699,29.387,4.074,4.588982,3.306128,6.978688,1.4797,1.5515,1.292,1.139,1.16,1.697,1.935,1.517,0.725,1.349,1.151,0.831,1.452,1.331,1.411,0.929,0.703,0.405,0.863,0.745,0.83,1.034,0.887,0.75,0.983,0.614,0.334,0.903,0.813,0.572,0.611,0.615,0.646,
287.000,8.016,8.481,38.98,40.262,7.235,4.461444,4.671947,3.244477,2.14399,3.578521,1.110422,0.616,1.181,0.876,0.811,1.243,1.481,0.911,0.839,1.299,1.242,0.804,1.108,0.724,1.133,0.658,0.997,0.606,0.731,0.928,0.868,0.884,0.658,0.817,0.895,0.712,0.684,0.642,0.802,0.498,0.346,
288.000,6.211,6.682,24.985,65.619,4.863,4.392915,4.640207,2.493233,3.20214,2.361334,1.495227,2.008,1.683,0.608,1.061,0.756,1.279,1.001,0.778,1.427,1.311,1.028,1.02,1.251,0.682,0.886,1.208,0.917,0.645,0.539,0.593,0.624,0.896,0.766,0.515,0.815,0.68,0.863,0.665,0.752,0.548,
289.000,10.349,5.864,14.979,87.364,6.409,4.923,4.724924,4.049562,3.014074,1.620389,0.8529935,1.201,1.004,0.419,1.456,1.04,0.877,1.32,1.236,1.11,1.1,1.164,0.714,0.96,0.792,0.676,0.623,0.758,0.546,0.792,0.696,0.713,0.337,0.638,0.597,0.698,0.732,0.871,0.655,0.588,0.666,
290.000,4.175,3.517,7.434,75.244,10.403,6.045,3.879897,5.224671,2.980455,2.418347,0.8654664,1.222,1.848,0.482,1.405,1.454,1.101,0.945,1.071,0.669,1.19,1.32,0.794,0.481,0.832,0.685,1.358,1.267,0.916,0.787,0.988,0.924,0.527,0.709,0.571,0.647,0.878,0.773,0.686,0.513,0.541,
291.000,6.41,2.852,5.35,74.775,10.844,5.06,5.174754,4.376254,2.493942,3.309852,1.602091,2.11,1.097,0.765,1.235,0.964,1.13,0.66,1.137,0.743,1.303,0.95,1.24,0.81,0.804,0.772,0.791,0.732,1.208,0.549,0.629,0.855,0.385,0.627,0.54,0.98,0.779,0.541,0.631,0.658,0.587,
292.000,6.509,3.28,5.839,48.36,21.349,3.894,4.279417,2.455347,2.406251,2.454718,1.060979,1.363263,0.763,1.439,0.886,0.667,0.94,0.686,0.807,0.898,0.794,0.833,0.837,0.672,0.75,0.764,1.199,0.992,0.902,0.833,0.996,0.521,0.784,0.435,0.374,0.67,0.699,0.494,0.691,0.928,0.669,
293.000,3.651,5.665,6.06,39.605,32.74,3.063,5.431095,3.600935,3.234782,3.160442,0.2412138,2.940372,0.959,0.952,0.431,1.477,0.928,0.611,0.528,0.636,1.054,0.777,0.779,0.515,1.07,0.578,0.85,0.913,0.485,0.734,0.753,0.768,0.793,0.44,0.575,0.72,0.663,0.512,0.696,0.716,0.612,
294.000,6.368,3.319,4.205,20.439,53.272,4.035,4.464,3.274958,2.349067,2.35086,0.6315194,2.138953,1.293,0.848,0.765,0.609,0.66,0.528,1.014,0.686,1.013,0.764,0.845,0.653,0.894,0.796,0.802,0.799,0.578,1.117,0.636,0.52,0.367,0.46,0.973,0.587,0.555,0.623,0.771,0.515,0.855,
295.000,5.483,3.139,6.354,12.142,63.627,4.205,3.467,5.184825,2.637494,2.154661,0.8588981,2.790013,1.077,1.589,1.245,1.032,0.849,0.598,1.304,1.086,0.807,1.323,0.923,0.946,0.667,0.82,0.918,0.442,0.823,0.663,0.585,0.32,0.55,0.742,0.836,0.939,0.437,0.752,0.555,0.693,0.511,
296.000,7.089,7.124,6.667,7.694,64.592,7.671,5.635,3.643865,3.804339,2.441617,-0.2785548,3.065792,1.312,1.247,0.844,1.007,1.371,0.802,0.793,0.905,1.041,0.834,1.238,0.9,0.551,0.793,0.916,0.582,0.774,0.681,0.677,0.646,0.907,0.734,0.621,0.855,0.729,0.672,0.534,0.394,0.611,
297.000,6.666,6.647,4.833,4.816,62.472,11.576,4.169,4.783458,3.196079,2.600925,0.2985271,2.235434,1.591808,1.156,1.222,1.002,0.436,1.06,1.074,1.095,1.015,0.702,0.561,0.559,1.324,0.799,0.676,1.025,0.869,0.63,0.616,0.552,0.63,0.371,0.766,0.576,0.905,0.729,0.545,0.508,0.593,
298.000,5.076,5.111,4.405,4.853,56.228,21.157,3.675,3.270449,3.003324,2.449312,0.6520956,2.560415,1.092477,0.984,1.67,0.907,1.374,0.594,0.81,0.754,0.805,0.955,0.742,0.865,0.841,0.656,0.546,0.746,0.67,0.611,0.595,0.735,0.786,0.723,0.527,0.812,0.386,0.626,0.579,0.677,0.529,
299.000,6.725,7.784,2.7,4.547,42.948,27.411,4.442,3.935,3.070911,1.820314,0.6545404,3.038519,1.680165,1.513,0.689,0.969,1.028,0.806,1.171,0.994,0.902,0.681,0.572,0.888,0.737,0.958,0.883,0.699,0.684,0.787,1.021,0.472,0.491,0.678,0.66,0.564,0.659,0.549,0.827,0.475,0.706,
300.000,3.883,3.77,3.936,4.916,21.975,48.342,3.764,6.697,3.467447,2.596807,-0.1539396,2.111576,1.799279,0.783,0.615,1.294,1.08,1.229,1.404,0.668,0.932,0.477,1.001,0.705,0.764,0.636,0.655,0.62,0.664,0.578,0.547,0.615,0.649,0.668,0.765,0.633,0.583,0.657,0.419,0.616,0.603,
301.000,4.78,6.906,3.461,5.224,18.719,60.295,4.574,2.534,2.50109,1.883734,0.5806243,3.532458,1.620082,1.085,0.94,0.835,0.976,1.108,0.857,0.732,0.895,0.66,0.575,1.06,0.883,0.942,1.091,0.851,0.819,0.997,0.543,0.791,0.438,0.595,0.575,0.406,0.588,0.613,0.579,0.63,0.468,
302.000,4.388,2.593,4.929,2.933,8.931,63.026,3.851,4.126,2.701093,2.19572,0.02524254,3.841344,2.301303,1.446763,0.732,1.024,0.808,0.551,1.167,0.999,0.598,0.916,0.527,1.134,1.045,0.7,0.598,0.847,1.162,0.744,0.665,0.582,0.576,0.603,0.671,1.009,0.51,0.866,0.662,0.694,0.566,
303.000,7.201,4.12,4.047,2.982,6.353,57.377,9.877,2.366,3.190372,2.563398,0.3437774,3.323038,2.069678,1.321986,1.18,0.815,0.909,0.932,0.558,0.376,0.77,1.32,0.744,0.596,0.837,0.953,0.728,0.738,0.966,0.544,0.658,0.427,0.559,0.754,0.645,0.826,0.494,0.494,0.784,0.642,0.483,
304.000,7.498,1.995,5.234,4.358,5.779,47.136,22.586,1.519,3.275,2.578261,0.7433748,2.738221,1.934669,1.154581,1.25,0.259,0.903,0.677,0.898,0.842,0.891,0.764,0.985,0.904,1.027,0.537,0.713,0.694,0.888,0.506,0.612,0.561,0.38,0.449,0.851,0.582,0.593,0.514,0.605,0.536,0.563,
305.000,3.387,5.861,5.702,4.998,3.729,34.018,26.945,3.213,1.891,1.940561,-0.6325206,2.76244,1.249931,0.5927842,0.812,0.863,0.93,0.724,0.978,0.84,0.789,1.122,0.717,1.067,1.1,0.837,0.626,0.527,0.623,0.306,0.425,0.57,0.744,0.657,0.612,0.707,0.559,0.591,0.461,0.672,0.695,
306.000,3.761,7.298,4.558,5.701,4.898,22.518,41.002,4.441,3.539,2.214237,0.6572004,3.316416,1.963177,1.66546,0.541,1.198,0.728,1.44,0.977,0.771,0.979,0.3,0.832,0.535,0.556,0.658,0.585,1.196,0.336,0.718,0.66,0.455,0.421,0.659,0.565,0.598,0.673,0.574,0.401,0.69,0.434,
307.000,4.166,2.55,3.858,4.381,4.785,11.099,51.503,3.129,2.017,1.283744,0.8857977,2.805782,1.772651,2.284917,0.9163385,0.587,0.86,0.649,0.552,0.749,1.082,0.491,0.693,0.602,0.879,0.632,0.425,0.689,1.083,0.83,0.459,0.631,0.382,0.345,0.429,0.7,0.596,0.723,0.62,0.21,0.659,
308.000,5.107,6.271,5.417,4.426,5.528,8.692,49.707,5.882,2.528,3.083399,-0.3299099,3.637375,1.868127,1.348643,0.376464,1.121,0.754,0.64,0.872,0.504,0.728,0.789,0.664,0.743,0.697,0.7,1.071,0.564,0.667,1.045,0.551,0.718,0.486,0.683,0.507,0.545,0.673,0.762,0.765,0.684,0.631,
309.000,3.31,6.128,4.62,3.313,2.721,9.77,49.458,6.898,2.619,1.214,0.6594409,2.825852,1.892814,1.757961,0.5580225,0.428,1.083,1.097,0.947,0.711,0.583,0.78,0.565,0.595,0.727,0.535,0.66,0.474,0.371,0.765,0.663,0.524,0.498,0.597,0.71,0.563,0.407,0.467,0.497,0.606,0.629,
310.000,2.805,5.609,4.459,4.326,5.791,5.243,44,12.677,2.262,1.516,1.471364,4.765069,1.710775,1.654627,0.9498181,0.989,0.55,0.609,0.858,0.613,0.81,0.683,0.437,0.749,0.729,0.66,0.769,0.584,0.823,0.702,0.587,0.432,0.404,0.577,0.749,0.604,0.596,0.597,0.5,0.516,0.712,
311.000,3.128,5.154,4.835,3.587,3.969,5.117,32.481,17.298,2.44,2.846,1.452591,3.822627,1.413295,1.66254,0.558922,0.908,0.978,0.967,1.114,0.771,0.591,0.524,0.714,0.501,0.846,1.098,0.843,0.629,0.645,0.268,0.582,0.421,0.734,0.229,0.55,0.507,0.646,0.385,0.309,0.351,0.615,
312.000,4.761,2.394,5.654,4.345,3.381,4.984,19.882,30.986,2.915,2.951,1.486273,3.302524,1.822189,1.439192,0.7315407,1.095632,0.821,0.801,0.395,0.702,0.765,0.643,0.602,0.716,0.547,0.79,0.945,0.781,0.735,0.385,0.411,0.763,0.276,0.618,0.487,0.411,0.506,0.564,0.388,0.457,0.594,
313.000,5.872,5.825,3.498,6.725,5.961,5.097,13.846,43.168,3.301,2.732,1.909401,3.789959,2.159595,2.655569,0.3718043,0.6063056,0.736,0.761,0.798,1.278,0.729,0.617,0.5,0.586,0.401,0.449,0.738,0.724,0.459,0.787,0.628,0.657,0.585,0.39,0.653,0.58,0.598,0.752,0.527,0.378,0.679,
314.000,5.343,2.299,4.999,3.607,6.348,5.808,7.666,45.458,4.155,2.505,2.809,3.766245,1.651563,2.22053,0.41898,1.011994,0.703,0.583,0.387,0.714,1.069,0.681,0.708,0.61,0.813,0.607,0.611,0.4,0.438,0.353,0.658,0.618,0.665,0.618,0.662,0.732,0.585,0.372,0.459,0.372,0.478,
315.000,6.504,5.905,6.494,6.541,6.51,4.868,7.939,47.911,6.595,3.235,2.813,4.038836,2.149168,2.884394,0.8328289,1.199592,1.062,0.834,0.507,0.636,0.681,0.554,0.855,0.895,0.567,0.417,0.703,0.716,0.635,0.578,0.422,0.401,0.617,0.471,0.387,0.76,0.307,0.463,0.597,0.313,0.466,
316.000,3.243,8.121,4.094,6.068,5.101,7.699,5.112,46.319,15.684,3.056,2.881,3.623355,2.561357,2.899481,0.7231914,0.9990198,0.708,0.681,0.62,0.853,0.645,0.836,0.754,0.828,0.252,0.997,0.847,0.613,0.619,0.69,0.409,0.516,0.551,0.461,0.587,0.657,0.351,0.484,0.467,0.449,0.514,
317.000,7.379,7.278,4.317,4.515,5.106,5.815,6.227,34.433,20.902,4.495,4.196,2.843092,1.832173,3.084818,0.9061601,1.868348,0.8891927,0.914,1.065,0.695,0.699,0.59,0.743,0.415,0.547,0.777,0.752,1.019,0.83,0.486,0.633,0.572,0.455,0.56,0.637,0.401,0.508,0.433,0.502,0.627,0.295,
318.000,2.277,3.825,4.984,4.576,3.971,3.732,5.907,24.062,30.944,4.448,3.274,3.59488,2.760617,2.694869,1.062137,1.185699,0.9622982,0.76,0.89,0.37,0.713,0.647,0.661,0.962,0.797,0.634,0.519,0.614,0.77,0.469,0.577,0.587,0.587,0.512,0.575,0.575,0.449,0.535,0.404,0.817,0.556,
319.000,3.895,4.158,9.105,4.282,5.749,4.648,4.774,17.433,41.463,4.15,3.498,3.977,2.598833,2.510771,1.241845,1.559653,0.7454505,0.461,1.024,0.699,0.625,0.485,0.723,0.938,1.116,0.415,0.573,0.723,0.607,0.761,0.674,0.517,0.351,0.434,0.559,0.439,0.48,0.537,0.604,0.684,0.291,
320.000,7.655,4.2,3.757,5.887,5.212,5.963,7.559,13.773,45.568,6.699,3.893,3.179,2.748221,2.437153,1.18258,1.351473,0.675935,0.757,0.741,0.713,0.674,0.732,0.627,0.559,0.316,0.427,0.66,0.611,0.687,0.649,0.573,0.583,0.426,0.628,0.299,0.233,0.611,0.648,0.381,0.624,0.397,
321.000,6.408,6.626,7.752,4.016,6.528,4.867,6.527,9.332,45.133,8.114,2.914,4.47,3.354931,3.240338,0.9740682,1.37286,0.7293991,1.005,0.771,0.782,0.787,0.728,1.113,0.937,0.774,0.635,0.674,0.777,0.877,0.618,0.399,0.595,0.678,0.614,0.45,0.593,0.417,0.551,0.62,0.514,0.384,
322.000,7.271,6.383,5.985,6.674,7.38,7.132,7.516,7.157,41.254,11.777,5.193,2.846,2.713131,3.272043,1.149428,1.539714,0.5397028,0.6644586,0.898,0.59,0.439,0.607,0.618,0.736,0.717,0.419,0.628,0.399,0.272,0.537,0.493,0.468,0.389,0.452,0.477,0.478,0.435,0.478,0.564,0.869,0.391,
323.000,8.352,5.127,4.997,6.526,6.287,6.249,7.665,8.222,37.941,18.847,4.793,4.178,3.087113,3.197309,1.138744,1.253221,0.5798464,0.6535455,1.303,0.657,0.327,0.35,0.775,0.728,0.788,0.538,0.637,0.806,0.67,0.326,0.551,0.37,0.68,0.59,0.589,0.505,0.471,0.657,0.346,0.424,0.508,
324.000,9.672,6.932,9.074,5.506,8.12,5.457,7.092,7.068,25.768,26.865,5.992,5.049,3.167,3.526145,1.318365,1.227384,0.5139672,0.8194359,0.782,0.649,0.853,0.585,0.597,0.487,0.461,0.943,0.651,0.945,0.593,0.533,0.554,0.415,0.556,0.4,0.506,0.57,0.622,0.59,0.495,0.57,0.631,
325.000,8.269,7.743,6.459,7.439,5.497,7.699,8.645,5.989,15.034,34.272,5.472,4.156,3.406,2.712676,1.476259,1.503151,0.3826136,0.9136582,0.727,0.746,0.958,0.776,0.646,0.634,0.705,0.385,0.544,0.905,0.518,0.854,0.684,0.267,0.435,0.247,0.363,0.572,0.499,0.491,0.518,0.7,0.411,
326.000,6.39,7.436,8.921,6.444,6.265,7.35,7.404,7.394,11.716,38.196,6.261,5.6,4.794,2.85836,1.686221,1.791973,0.2146516,0.7412942,0.634,0.684,0.827,0.743,0.478,0.676,0.71,0.644,0.735,0.53,0.672,0.479,0.693,0.638,0.555,0.484,0.471,0.433,0.641,0.699,0.307,0.458,0.589,
327.000,7.701,6.831,9.24,8.004,7.759,7.788,7.561,7.151,11.015,43.161,5.792,5.136,3.644,3.540655,1.932084,2.016726,0.2275971,0.6442718,0.2844966,0.945,0.86,0.693,0.902,0.674,0.289,0.751,0.612,0.646,0.578,0.486,0.492,0.379,0.44,0.518,0.464,0.405,0.497,0.424,0.569,0.406,0.46,
328.000,10.632,6.07,8.384,5.602,7.263,6.515,8.978,7.992,8.32,40.852,11.184,5.88,4.161,2.846145,1.955279,1.262384,0.2138385,0.7270319,0.7194911,0.749,0.59,1.206,0.65,0.568,0.511,0.55,0.545,0.532,0.657,0.606,0.534,0.457,0.617,0.444,0.635,0.243,0.528,0.316,0.366,0.396,0.431,
329.000,9.637,10.3,9.668,8.14,10.761,6.818,8.437,7.269,9.362,33.507,15.428,5.514,4.872,3.372,1.710191,1.33868,0.167414,0.8615018,0.4343758,0.662,0.879,0.735,0.54,0.575,0.569,0.768,0.456,0.779,0.659,0.731,0.313,0.387,0.429,0.439,0.481,0.348,0.443,0.371,0.546,0.541,0.409,
330.000,8.759,9.285,8.2,7.536,8.271,7.293,8.403,7.112,8.946,24.33,21.995,6.078,3.787,2.429,1.491008,1.412877,0.1043734,1.154378,0.6140916,0.662,0.775,0.724,0.993,0.534,0.547,0.542,0.792,0.735,0.645,0.596,0.539,0.513,0.479,0.469,0.483,0.484,0.435,0.551,0.401,0.322,0.383,
331.000,5.017,7.381,9.076,9.358,7.584,8.001,5.995,9.056,9.494,20.074,28.237,5.486,4.271,2.973,2.111423,1.558562,-0.05672524,0.4785273,0.5197501,0.732,0.463,0.56,0.62,0.631,0.576,0.519,0.54,0.518,0.564,0.624,0.396,0.378,0.386,0.399,0.241,0.347,0.519,0.513,0.478,0.634,0.345,
332.000,6.498,9.654,7.064,7.987,8.133,7.44,8.434,9.367,9.653,13.441,32.832,6.482,4.036,2.384,1.960416,1.919912,0.3105608,0.7013763,0.4698701,0.6067499,0.508,0.769,0.588,0.696,0.67,0.555,0.582,0.612,0.54,0.376,0.564,0.348,0.456,0.646,0.486,0.397,0.637,0.345,0.65,0.316,0.442,
333.000,7.964,7.284,5.286,9.441,9.297,8.888,8.308,10.018,10.661,12.634,35.511,8.309,4.102,2.63,2.120235,1.627533,0.389129,0.9750169,0.2603101,0.7934968,0.889,0.479,0.766,0.843,0.564,0.557,0.582,0.498,0.463,0.453,0.601,0.496,0.444,0.453,0.379,0.529,0.539,0.333,0.332,0.332,0.721,
334.000,8.567,6.781,6.807,7.817,8.428,8.553,9.138,10.315,8.928,10.368,38.621,8.935,3.898,3.253,2.356,1.464522,0.04321222,0.7630731,0.6800624,0.6964648,0.579,0.8,0.701,0.41,0.497,0.374,0.516,0.519,0.45,0.573,0.634,0.48,0.471,0.333,0.394,0.354,0.523,0.554,0.194,0.318,0.498,
335.000,4.772,9.927,8.494,7.678,8.627,10.596,8.915,10.17,9.348,10.979,33.054,16.602,3.418,3.227,2.648,1.457018,0.175046,0.7953792,0.6923203,0.7156299,0.853,0.633,0.62,0.549,0.647,0.736,0.526,0.641,0.535,0.767,0.517,0.674,0.426,0.468,0.381,0.389,0.518,0.368,0.584,0.59,0.476,
336.000,6.93,7.566,7.991,10.36,10.477,11.931,11.298,10.1,10.567,9.321,24.192,19.801,5.739,3.339,2.366,1.942319,0.5121822,1.014956,0.9030636,0.7025353,0.575,0.481,0.64,0.719,0.52,0.568,0.513,0.326,0.586,0.472,0.511,0.378,0.541,0.386,0.517,0.565,0.399,0.318,0.274,0.36,0.301,
337.000,5.67,8.582,5.997,7.636,6.602,8.528,8.799,9.353,8.718,9.143,19.263,24.821,4.964,3.023,2.715,2.164008,0.2254416,1.036185,1.146773,0.984619,0.4074553,0.692,1.055,0.662,0.392,0.697,0.504,0.588,0.312,0.664,0.433,0.585,0.465,0.291,0.601,0.443,0.392,0.694,0.483,0.538,0.506,
338.000,5.711,7.593,7.899,10.478,8.592,7.006,9.095,9.991,8.585,8.422,13.774,30.137,5.588,2.691,1.892,2.12178,0.2072348,1.119346,0.778329,0.895573,1.024044,0.662,0.509,0.484,0.744,0.67,0.519,0.827,0.461,0.486,0.689,0.372,0.359,0.351,0.403,0.383,0.361,0.462,0.655,0.571,0.535,
339.000,8.658,6.992,7.422,6.697,11.995,9.348,10.693,11.138,10.926,9.744,10.414,30.7,7.141,2.621,2.339,1.583,0.5106576,0.7406319,0.981996,0.9489422,0.6310012,0.433,0.591,1.05,0.612,0.338,0.78,0.313,0.493,0.627,0.56,0.316,0.53,0.497,0.361,0.412,0.392,0.494,0.667,0.6,0.313,
340.000,9.305,8.015,11.333,10.474,9.767,7.072,11.13,9.587,10.514,9.919,9.303,30.511,8.821,2.694,2.623,1.178,0.713735,1.225934,1.413996,1.150003,0.539309,0.661,0.771,0.861,0.865,0.56,0.847,0.513,0.437,0.381,0.425,0.236,0.468,0.46,0.453,0.566,0.476,0.447,0.527,0.428,0.293,
341.000,4.872,8.364,9.713,11.69,9.073,9.834,10.25,10.176,10.644,9.357,8.142,29.644,10.924,2.822,2.17,1.418,0.672102,1.234979,1.392366,1.393477,1.183138,0.657,0.66,0.808,0.617,0.772,0.581,0.39,0.442,0.592,0.456,0.527,0.43,0.544,0.456,0.497,0.487,0.765,0.353,0.443,0.492,
342.000,8.972,8.45,9.39,8.426,7.979,8.882,11.837,9.318,12.964,7.99,9.424,22.443,14.189,3.67,2.534,1.958,0.864517,1.118043,1.744146,1.359416,0.9138329,0.6595659,0.302,0.325,0.569,0.765,0.459,0.314,0.391,0.39,0.231,0.755,0.303,0.473,0.435,0.409,0.458,0.425,0.44,0.64,0.353,
343.000,7.955,10.045,9.824,11.882,11.742,11.835,10.519,8.816,12.117,10.086,9.276,17.171,19.232,3.207,2.172,1.458,1.202264,1.38716,1.63268,1.487544,0.4123807,1.066883,0.533,0.789,0.921,0.469,0.508,0.589,0.349,0.487,0.385,0.455,0.444,0.51,0.346,0.363,0.338,0.385,0.494,0.605,0.434,
344.000,7.929,13.498,9.439,8.809,8.309,9.663,10.24,8.297,10.971,9.605,9.801,14.737,22.888,2.944,1.925,2.14,1.572,1.522468,1.7335,1.591743,0.6785769,0.5901991,0.417,0.736,0.361,0.37,0.431,0.585,0.402,0.434,0.681,0.425,0.425,0.495,0.199,0.598,0.629,0.489,0.439,0.437,0.356,
345.000,9.51,9.89,8.372,8.586,8.745,9.7,9.541,8.688,7.797,10.347,7.991,9.103,27.584,4.192,3.007,1.7,1.45,1.555064,1.833376,1.864969,1.237537,0.750828,0.561,0.505,0.612,0.785,0.534,0.509,0.499,0.744,0.315,0.602,0.448,0.645,0.424,0.594,0.466,0.534,0.513,0.447,0.45,
346.000,9.182,8.984,10.053,9.04,8.473,10.225,11.518,9.232,11.815,9.325,8.333,8.991,27.217,5.841,2.432,2.022,1.953,1.735287,1.917408,1.774643,1.227157,0.9867213,0.522,0.647,0.567,0.734,0.57,0.857,0.52,0.33,0.399,0.442,0.495,0.473,0.343,0.369,0.387,0.53,0.438,0.362,0.376,
347.000,6.397,7.874,11.367,6.504,7.618,9.339,10.988,10.366,10.162,10.666,9.25,8.343,26.877,8.332,2.099,2.434,2.51,1.901965,2.161075,1.693564,1.137934,1.039266,0.529639,0.601,0.75,0.44,0.384,0.633,0.633,0.577,0.233,0.238,0.443,0.469,0.491,0.33,0.269,0.543,0.309,0.322,0.508,
348.000,8.123,8.378,5.94,9.08,7.747,11.514,7.854,10.459,8.867,11.064,8.401,8.769,22.952,12.146,2.821,1.812,1.83,1.830183,1.783359,1.946455,1.000001,1.191905,0.6662141,0.831,0.57,0.458,0.526,0.2,0.364,0.427,0.621,0.612,0.485,0.416,0.297,0.502,0.649,0.39,0.464,0.386,0.41,
349.000,7.58,7.809,8.956,8.608,9.164,9.332,9.367,10.808,10.3,10.348,8.375,7.781,16.777,14.76,3.203,2.323,2.394,2.469,2.602825,2.062842,1.261535,0.9042174,0.8403828,0.419,0.686,0.516,0.317,0.462,0.619,0.476,0.366,0.677,0.428,0.377,0.404,0.281,0.368,0.608,0.443,0.43,0.24,
350.000,4.986,6.038,7.609,8.908,8.465,10.306,8.498,10.227,9.507,8.92,9.492,6.831,13.245,20.863,3.694,2.571,2.262,2.521,2.450324,2.112089,1.454263,1.100004,0.7641558,0.53,0.518,0.577,0.469,0.602,0.524,0.434,0.438,0.622,0.431,0.549,0.387,0.392,0.49,0.289,0.608,0.312,0.404,
351.000,7.705,8.025,8.834,8.492,9.58,8.721,8.653,11.327,9.107,8.821,9.426,7.081,8.29,23.684,4.998,2.515,2.831,2.492,2.417933,2.534138,1.491667,1.260179,0.9553531,0.256,0.628,0.685,0.555,0.499,0.359,0.518,0.359,0.492,0.42,0.369,0.491,0.254,0.404,0.439,0.206,0.438,0.42,
352.000,8.403,7.521,10.038,12.323,9.165,10.891,9.474,10.212,8.745,9.652,8.529,7.586,7.357,24.205,6.369,2.717,2.712,2.673,2.544741,2.824192,1.614072,1.389952,1.080888,0.4075616,0.424,0.382,0.533,0.508,0.522,0.475,0.781,0.34,0.37,0.384,0.448,0.346,0.569,0.384,0.378,0.332,0.608,
353.000,7.011,7.347,8.832,10.894,8.954,8.597,9.847,8.855,9.286,10.052,8.813,8.107,6.923,23.881,7.729,3.47,2.683,2.11,3.165945,2.816322,1.631827,1.553854,1.221514,0.3189814,0.887,0.552,0.547,0.788,0.552,0.398,0.512,0.403,0.33,0.491,0.486,0.342,0.504,0.228,0.42,0.459,0.277,
354.000,2.24,4.934,11.364,7.689,7.201,9.939,9.131,7.477,10.268,9.081,7.662,6.206,7.158,20.862,11.45,3.847,2.651,3.143,2.567,3.14316,1.975541,1.784138,1.455096,0.4143149,0.463,0.546,0.559,0.644,0.321,0.625,0.28,0.422,0.467,0.524,0.529,0.506,0.473,0.287,0.465,0.372,0.317,
355.000,6.914,9.89,8.459,7.41,8.18,9.954,9.193,12.143,9.386,10.282,8.252,7.167,7.153,15.875,15.057,4.575,3.57,4.308,3.338,3.473453,2.228406,1.811479,1.615509,0.3070964,0.544,0.509,0.35,0.45,0.448,0.536,0.512,0.402,0.444,0.252,0.371,0.535,0.387,0.37,0.243,0.48,0.395,
356.000,6.511,8.503,7.718,7.287,9.405,6.724,10.443,10.716,11.148,9.048,8.454,7.876,5.878,11.419,19.041,3.879,3.809,4.201,3.141,3.509276,2.183722,1.91112,1.928896,-0.07668456,0.508,0.521,0.512,0.528,0.44,0.413,0.42,0.381,0.53,0.432,0.337,0.401,0.475,0.474,0.365,0.309,0.365,
357.000,4.691,6.894,8.265,7.871,8.782,8.383,8.413,9.436,10.953,10.191,7.737,7.897,7.178,10.048,21.888,4.231,4.968,3.905,3.027,3.56028,2.49798,2.129153,2.077348,0.1728452,0.674745,0.361,0.483,0.607,0.765,0.416,0.546,0.43,0.378,0.305,0.263,0.559,0.378,0.445,0.515,0.252,0.374,
358.000,5.236,7.083,5.947,7.435,7.38,7.537,10.346,9.945,9.554,9.647,9.205,8.22,7.211,7.953,24.541,6.982,4.641,5.148,4.054,3.906286,2.891142,2.110904,2.402529,-0.07639774,0.7832461,0.607,0.462,0.382,0.395,0.501,0.3,0.387,0.451,0.337,0.582,0.515,0.349,0.359,0.437,0.242,0.398,
359.000,6.191,8.268,5.878,6.805,8.59,7.957,11.141,8.476,9.872,8.393,7.955,7.513,6.38,6.81,23.195,7.748,5.739,5.665,4.728,4.204,2.78704,2.56549,2.221334,-0.1481344,0.8622469,0.354,0.62,0.413,0.353,0.412,0.316,0.523,0.414,0.478,0.312,0.449,0.427,0.471,0.397,0.475,0.388,
360.000,8.158,6.411,7.889,7.812,9.538,10.097,9.115,10.755,8.205,8.559,8.001,7.734,5.788,7.321,19.364,11.828,5.322,5.99,4.312,4.283,3.288656,2.590327,2.443884,0.1371709,0.605826,0.688,0.245,0.343,0.758,0.498,0.466,0.568,0.343,0.559,0.456,0.477,0.426,0.601,0.335,0.484,0.326,
361.000,7.715,8.361,8.047,5.792,6.846,6.032,8.35,8.459,10.625,8.282,10.102,8.855,7.638,7.092,16.949,15.401,6.646,5.504,5.828,4.072,3.822775,2.769137,2.466573,-0.1973359,0.006840826,0.352,0.512,0.377,0.55,0.615,0.713,0.588,0.517,0.621,0.222,0.367,0.487,0.456,0.345,0.556,0.376,
362.000,7.187,6.781,8.276,7.037,8.992,8.841,8.809,9.454,9.225,9.279,8.53,7.585,6.145,7.444,13.593,17.927,7.226,7.07,5.484,4.78,4.114221,3.034691,2.823962,0.0965401,0.08647737,0.1671074,0.563,0.444,0.243,0.599,0.422,0.42,0.47,0.341,0.48,0.286,0.585,0.565,0.416,0.291,0.373,
363.000,5.556,8.077,8.883,8.636,8.57,7.749,8.755,9.319,9.308,9.873,8.625,7.103,8.111,7.178,10.838,21.925,6.04,6.878,6.332,5.712,4.268665,3.537707,2.734921,0.6632587,1.456246,-0.0489505,0.397,0.495,0.493,0.565,0.39,0.392,0.486,0.381,0.274,0.518,0.381,0.555,0.356,0.309,0.216,
364.000,5.55,10.073,9.709,10.509,8.837,7.92,7.533,9.949,9.794,8.106,8.794,8.746,8.156,7.729,9.187,21.087,8.377,7.764,6.753,6.376,5.228,3.445371,3.121716,0.6849506,0.9821739,0.2195516,0.735,0.68,0.397,0.413,0.412,0.359,0.548,0.547,0.439,0.371,0.268,0.395,0.358,0.475,0.29,
365.000,4.831,5.784,7.99,6.221,10.933,7.082,7.313,9.026,9.39,9.236,9.749,7.783,8.09,7.627,7.978,24.262,10.42,7.826,7.861,6.369,4.748,3.661448,3.150869,0.2078845,0.9860392,0.7058603,0.472,0.529,0.524,0.3,0.549,0.429,0.31,0.39,0.325,0.309,0.401,0.311,0.56,0.238,0.303,
366.000,7.585,7.127,7.693,8.02,8.615,8.75,8.171,9.89,9.389,9.469,8.572,8.375,8.466,7.606,9.087,22.615,11.748,7.537,8.008,6.612,4.965,4.018246,3.336832,0.8597,0.6762734,0.3691658,0.531,0.648,0.436,0.37,0.328,0.443,0.444,0.387,0.239,0.401,0.468,0.419,0.36,0.448,0.408,
367.000,6.151,8.344,8.041,6.176,5.756,9.295,11.018,8.355,8.941,9.378,8.138,8.588,7.529,7.449,7.56,19.777,15.797,9.255,7.612,6.287,6.41,4.118214,3.768137,0.5280538,0.9903435,-0.05361479,0.731552,0.713,0.743,0.647,0.646,0.358,0.396,0.72,0.394,0.329,0.278,0.439,0.331,0.374,0.357,
368.000,8.271,7.292,6.465,7.789,9.226,7.575,8.42,8.479,10.307,9.968,8.83,8.574,8.062,8.181,9.329,17.101,19.736,9.329,8.18,7.449,6.428,4.520803,3.607965,0.7835651,1.259033,0.5434141,0.7451661,0.235,0.547,0.377,0.44,0.557,0.535,0.277,0.512,0.413,0.459,0.426,0.391,0.399,0.374,
369.000,7.894,4.806,6.79,7.086,8.031,8.704,9.525,10.539,10.102,9.766,8.458,8.51,8.299,8.599,8.563,15.269,21.423,9.204,8.733,7.644,6.256,4.426,3.775896,1.320615,1.078402,0.6306138,-0.1886424,0.709,0.634,0.156,0.269,0.476,0.486,0.33,0.289,0.521,0.479,0.363,0.302,0.536,0.318,
370.000,7.532,4.892,6.994,5.876,8.819,8.117,9.109,7.362,7.422,8.426,9.639,8.234,7.269,8.77,8.574,12.182,23.075,11.383,8.984,8.185,7.792,4.967,4.099984,1.204945,1.577265,-0.1033839,0.07622335,0.443,0.509,0.473,0.317,0.388,0.459,0.527,0.34,0.252,0.401,0.371,0.248,0.414,0.366,
371.000,8.502,5.274,8.079,6.721,6.888,7.728,7.834,10.162,8.257,10.708,9.83,10.606,9.776,8.879,10.552,11.707,22.94,12.278,10.371,8.99,7.541,5.294,4.051792,1.730683,1.082781,-0.4930077,0.004585961,0.433,0.408,0.488,0.472,0.424,0.389,0.477,0.45,0.388,0.595,0.507,0.189,0.29,0.327,
372.000,7.05,5.652,6.024,9.501,7.97,7.937,7.79,9.713,9.093,9.199,9.424,9.898,10.279,8.686,9.397,11.859,25.424,13.841,10.042,9.823,7.975,5.88,4.225272,1.691687,1.117253,0.6107679,-0.1567931,0.4279324,0.382,0.503,0.385,0.321,0.213,0.404,0.288,0.334,0.358,0.509,0.361,0.362,0.449,
373.000,6.66,8.052,9.283,8.052,7.774,8.229,8.61,9.032,8.296,8.744,9.788,9.316,9.985,10.366,11.06,11.837,23.445,16.577,10.612,9.003,7.737,6.028,4.525034,1.896331,1.896969,0.2281689,0.37823,-0.4325846,0.463,0.379,0.437,0.585,0.264,0.344,0.593,0.446,0.376,0.399,0.289,0.461,0.358,
374.000,6.629,7.065,6.552,8.547,8.094,7.769,8.267,8.53,8.892,9.94,9.45,9.388,9.285,8.825,9.209,12.075,21.858,19.847,11.094,9.824,7.925,6.372,4.575,2.388237,2.079452,0.4339326,0.1164855,-0.150698,0.487,0.556,0.756,0.248,0.495,0.412,0.448,0.281,0.371,0.483,0.434,0.407,0.339,
375.000,7.885,7.28,6.835,6.756,8.572,8.263,8.66,9.254,9.944,9.622,9.771,9.726,9.868,10.892,10.279,10.848,17.569,22.196,11.626,11.156,8.693,6.57,4.458,3.573238,1.722785,0.8763749,-0.6368293,0.1595154,0.631,0.385,0.453,0.367,0.523,0.331,0.349,0.373,0.328,0.315,0.431,0.333,0.368,
376.000,6.355,5.804,8.001,7.089,6.395,7.069,8.904,8.847,10.182,10.338,9.935,10.69,10.864,10.526,10.348,12.783,15.922,24.524,13.113,10.952,10.038,6.988,4.698,3.660573,2.337433,0.6559933,-0.2497327,0.005098471,0.529,0.581,0.306,0.348,0.284,0.434,0.365,0.377,0.25,0.33,0.436,0.4,0.224,
377.000,6.186,5.939,4.021,3.938,7.021,7.808,9.821,10.105,9.77,9.604,9.13,9.991,10.345,12.334,12.044,12.885,14.998,26.675,13.742,11.362,10.386,7.971,5.261,4.226569,2.43046,0.9960614,-0.1601532,0.04352457,1.249712,0.446,0.254,0.5,0.253,0.348,0.305,0.365,0.344,0.461,0.283,0.387,0.436,
378.000,5.168,8.378,4.66,5.097,9.486,10.06,9.168,9.509,9.088,11.216,10.07,9.719,10.894,12.117,12.294,13.818,15.09,27.373,16.619,12.759,10.785,8.818,6.588,4.903571,3.081649,1.478976,0.04419023,0.09304148,1.095998,0.593,0.533,0.303,0.324,0.457,0.449,0.229,0.331,0.35,0.363,0.561,0.387,
379.000,4.767,6.997,7,6.871,7.296,8.941,8.402,11.433,9.349,9.938,11.085,11.515,10.276,12.232,12.485,13.367,14.487,26.38,17.678,13.368,10.41,9.017,7.003,5.81,3.11555,1.458072,-0.1376886,0.2304079,0.2886971,0.414,0.438,0.363,0.276,0.465,0.521,0.279,0.388,0.393,0.245,0.381,0.571,
380.000,5.29,5.548,8.363,5.001,5.26,7.802,8.5,8.119,11.088,10.421,10.724,10.847,11.703,11.086,12.503,14.157,14.517,22.971,21.974,13.259,12.686,10.178,7.591,5.27,4.632418,1.773366,0.1880698,-0.08462346,0.6775533,0.476,0.433,0.521,0.425,0.309,0.47,0.269,0.363,0.376,0.408,0.333,0.375,
381.000,6.553,5.934,6.883,7.334,5.846,7.29,8.026,10.668,9.948,10.027,9.932,9.472,10.29,10.763,13.74,14.547,16.514,20.399,23.349,13.911,13.776,9.993,8.333,5.655,4.770564,2.234805,0.05398748,0.2247259,0.2574618,0.617,0.482,0.526,0.359,0.208,0.283,0.55,0.428,0.274,0.453,0.436,0.316,
382.000,7.253,8.761,7.934,7.806,7.822,8.179,10.867,9.134,9.823,10.582,11.821,10.919,11.26,11.997,14.567,14.103,15.712,21.104,26.459,15.771,13.815,11.942,8.544,6.841,5.787947,2.586507,0.5148533,0.512076,0.7936455,0.573471,0.405,0.41,0.343,0.384,0.286,0.446,0.425,0.483,0.307,0.36,0.322,
383.000,9.497,7.259,6.844,8.684,6.701,6.816,8.128,11.323,10.895,9.492,10.798,10.928,12.253,12.559,13.703,15.141,15.789,17.806,28.974,17.748,14.558,12.413,10.257,6.837,5.869829,3.137671,1.17845,0.3095521,0.08950666,0.6459382,0.821,0.331,0.386,0.537,0.276,0.277,0.264,0.462,0.3,0.378,0.357,
384.000,7.27,4.777,7.376,7.573,7.345,7.999,7.933,9.211,11.75,10.005,9.726,11.261,13.076,11.933,13.573,16.824,17.002,18.627,28.635,18.775,14.766,12.261,9.987,8.244,6.154,4.419067,1.008075,0.7119417,0.8117888,0.6043339,0.554,0.577,0.392,0.495,0.457,0.418,0.39,0.313,0.351,0.255,0.432,
385.000,10.327,10.324,5.989,6.118,7.499,7.191,6.971,8.105,10.404,11.706,10.692,11.725,11.645,13.141,15.711,15.783,18.608,18.507,28.313,21.294,17.762,14.93,11.456,9.103,6.778,4.131934,1.701717,0.858578,0.7659475,0.6205603,0.548,0.554,0.377,0.283,0.342,0.487,0.397,0.429,0.419,0.318,0.294,
386.000,8.312,9.301,8.47,6.134,7.543,8.681,7.802,9.347,11.555,11.178,10.966,11.691,12.61,13.933,15.512,17.912,19.135,18.57,28.573,23.317,17.829,14.774,12.884,9.806,7.111,5.418532,2.083557,0.8529191,0.3481229,0.7034271,0.788,0.476,0.543,0.452,0.343,0.44,0.355,0.321,0.396,0.281,0.193,
387.000,9.839,10.621,9.477,7.686,7.688,6.839,9.073,10.921,9.971,11.219,10.164,11.412,13.1,14.101,15.871,16.766,19.48,21.054,26.519,27.97,19.104,16.139,14.681,11.053,9.386,5.901062,3.513773,1.317807,0.1909731,0.6451587,0.874232,0.573,0.376,0.565,0.243,0.355,0.266,0.327,0.325,0.287,0.41,
388.000,11.845,9.734,8.715,6.575,7.695,9.72,7.14,9.978,9.729,11.212,10.044,11.325,16.666,15.495,18.043,18.108,22.142,22.541,25.374,30.899,21.054,16.79,15.612,12.174,9.541,7.534913,4.380088,1.675489,0.5979,0.982579,0.8387866,0.47,0.46,0.425,0.398,0.435,0.405,0.541,0.422,0.318,0.402,
389.000,12.049,10.219,4.838,7.034,7.083,8.324,7.973,11.557,10.338,11.539,12.178,12.743,14.229,15.54,17.669,19.19,21.514,21.779,25.878,31.172,22.667,19.494,15.916,13.559,11.25,8.445,4.873582,2.990054,1.7436,1.051277,1.294957,0.644,0.493,0.498,0.403,0.394,0.288,0.289,0.403,0.338,0.381,
390.000,9.242,12.821,8.714,7.368,6.357,8.228,7.381,10.083,12.587,10.391,11.926,12.099,12.857,16.352,18.195,20.819,22.103,23.739,25.941,35.957,24.57,21.514,18.695,15.393,13.299,8.726,5.734541,2.978453,1.566596,1.258871,1.356431,0.797,0.417,0.471,0.322,0.395,0.394,0.411,0.345,0.35,0.343,
391.000,11.323,11.539,8.857,8.462,7.573,9.476,8.748,10.35,10.428,11.904,11.756,11.784,14.427,16.792,18.423,21.612,22.107,24.719,26.37,35.21,28.309,24.085,21.569,15.325,13.878,10.839,7.049608,4.087676,2.14474,1.383481,1.543087,0.846,0.479,0.416,0.372,0.369,0.557,0.326,0.278,0.388,0.45,
392.000,14.819,10.359,9.304,8.025,8.997,8.797,11.635,9.778,11.963,9.675,11.229,12.459,15.568,16.769,19.267,21.039,23.391,24.287,27.692,38.234,30.298,24.087,21.312,18.503,14.895,11.373,8.43313,5.235899,1.813295,1.812005,1.903692,0.7070887,0.688,0.421,0.428,0.322,0.374,0.394,0.323,0.275,0.461,
393.000,12.294,14.044,11.096,9.285,8.402,8.787,10.859,10.658,10.874,11.415,12.903,14.055,16.928,17.976,20.244,23.237,25.186,27.945,29.701,37.501,33.578,27.154,22.947,21.299,17.088,13.487,9.45182,6.108471,3.122706,1.917624,2.212036,1.360059,0.647,0.357,0.548,0.394,0.516,0.482,0.406,0.415,0.286,
394.000,18.963,10.835,12.548,9.003,7.99,8.473,9.226,9.511,10.878,12.293,14.745,13.128,16.887,18.333,21.552,23.343,25.97,28.779,29.397,36.728,38.055,28.577,26.308,23.477,19.45,15.306,11.12,6.892783,3.768201,2.639059,2.742815,1.359301,0.574,0.49,0.275,0.303,0.369,0.436,0.328,0.332,0.329,
395.000,20.098,15.131,10.063,9.688,7.641,10.12,9.074,10.781,9.918,12.447,14.711,15.188,17.275,17.469,21.65,24.97,29.737,31.775,33.675,37.232,44.555,32.802,29.746,25.944,22.597,15.514,12.066,7.798581,4.506946,2.893735,3.288812,1.752878,0.724,0.599,0.49,0.41,0.416,0.379,0.225,0.42,0.353,
396.000,21.34,18.511,11.748,10.889,10.188,9.188,9.282,11.054,11.126,11.444,12.211,17.418,16.816,19.038,23.792,25.678,30.297,35.479,36.892,37.124,46.663,37.983,31.327,28.177,24.849,18.267,14.499,9.565378,5.450166,3.535252,3.573673,2.538419,0.745,0.568,0.247,0.335,0.558,0.426,0.469,0.285,0.446,
397.000,25.908,18.109,13.039,8.425,11.836,9.858,11.138,11.833,13.225,12.326,14.851,15.674,17.447,19.515,25.678,27.509,31.742,35,39.304,41.466,48.358,40.377,34.474,30.549,26.661,21.917,16.718,10.75661,6.616384,3.875604,3.845909,1.871742,0.8888841,0.421,0.609,0.356,0.542,0.525,0.328,0.532,0.369,
398.000,27.319,20.432,14.225,11.893,7.682,9.858,8.993,11.027,11.097,13.005,12.596,15.389,19.613,22.123,26.26,30.844,32.358,38.133,40.355,45.071,51.281,43.546,39.118,34.954,31.141,24.542,19.349,11.73337,7.416661,4.517994,4.320092,1.732483,1.222236,0.6,0.412,0.496,0.361,0.337,0.176,0.5,0.393,
399.000,29.28,22.787,15.675,10.36,12.133,10.911,9.77,12.548,11.842,14.377,14.499,18.14,19.076,22.607,28.195,30.747,35.727,40.023,46.453,47.306,56.432,49.413,43.557,38.691,32.82,28.523,20.613,14.251,9.441764,5.489423,4.794332,2.07674,1.161888,0.603,0.312,0.411,0.443,0.253,0.366,0.438,0.375,
400.000,31.26,28.211,20.339,12.752,9.913,10.811,9.86,12.604,12.958,11.786,15.185,16.377,21.455,24.022,27.884,34.889,37.613,43.622,47.605,51.968,57.636,56.32,47.446,42.021,36.266,29.745,23.491,16.321,10.43064,6.177668,5.635584,3.148626,1.652626,0.689,0.706,0.592,0.436,0.441,0.333,0.32,0.381,
401.000,39.809,28.278,15.159,13.084,10.154,12.052,11.117,11.312,11.982,14.129,15.419,18.763,22.61,26.768,28.927,35.174,43.04,47.513,51.281,56.545,59.361,62.156,55.181,47.362,42.009,34.075,24.853,17.549,12.04102,7.221957,6.318475,3.32823,1.57555,0.844,0.663,0.569,0.429,0.341,0.448,0.411,0.431,
402.000,39.97,35.451,25.546,11.296,10.515,12.119,10.223,13.085,14.626,14.368,17.077,19.854,21.637,27.451,31.863,39.08,43.153,52.72,57.066,62.019,64.673,70.284,59.895,52.461,46.531,39.121,30.681,20.404,13.64509,8.285376,6.547411,3.394199,1.709363,0.9188773,0.824,0.544,0.375,0.425,0.433,0.251,0.401,
403.000,44.312,38.076,24.655,14.426,13.715,10.89,10.703,10.702,14.39,17.529,18.718,20.632,24.961,29.169,34.433,43.567,47.04,54.413,61.81,67.899,71.074,76.026,65.312,57.329,50.465,40.286,33.013,23.211,14.94748,9.34375,7.348602,3.14923,1.975284,1.094943,0.619,0.507,0.474,0.525,0.283,0.336,0.315,
404.000,46.273,42.3,26.612,15.871,14.795,11.058,11.715,13.529,13.075,15.935,19.725,20.477,25.423,30.994,37.042,43.693,52.051,58.785,66.113,74.767,74.384,81.549,70.728,64.488,58.243,47.408,36.709,25.771,17.15,10.59079,8.01695,4.314519,2.205586,1.172271,0.682,0.556,0.748,0.516,0.456,0.381,0.452,
405.000,57.871,42.745,23.969,20.239,12.622,12.364,10.894,13.361,14.267,17.509,18.735,22.242,27.268,32.206,39.418,46.502,55.486,63.866,72.701,80.647,81.239,86.712,81.723,70.545,60.259,51.151,39.664,29.745,19.638,11.9892,8.89772,4.080005,2.713024,1.275888,0.621,0.638,0.513,0.744,0.436,0.384,0.426,
406.000,60.26,48.896,30.121,19.792,13.439,13.312,12.069,15.442,14.658,18.919,19.161,23.261,27.461,34.499,39.887,47.832,57.816,65.439,78.053,83.233,86.689,92.088,86.573,77.471,67.099,55.436,44.716,33.169,21.182,13.30007,9.953027,5.004424,3.026625,1.492599,0.642,0.609,0.55,0.306,0.468,0.484,0.384,
407.000,66.309,47.833,30.265,20.536,15.287,13.887,14.018,15.688,15.225,16.309,20.099,24.976,28.166,36.208,43.76,52.538,62.666,75.551,85.031,90.457,93.206,99.265,95.105,86.011,71.848,63.149,49.2,35.736,25.201,15.21782,10.71938,5.090328,2.967906,1.538297,0.7059182,0.573,0.432,0.46,0.315,0.358,0.259,
408.000,71.825,58.164,30.879,20.347,14.589,13.724,13.245,13.728,17.153,17.28,21.413,22.836,32.239,38.296,45.97,55.524,65.868,77.17,90.774,100.685,99.532,110.035,106.563,92.4,80.747,69.404,54.434,40.365,27.386,16.80319,11.71758,5.469369,3.605863,1.692461,0.6771374,0.487,0.526,0.589,0.355,0.476,0.401,
409.000,86.832,64.25,34.008,23.96,16.238,13.948,14.151,14.146,15.361,19.666,21.352,25.478,32.112,39.104,48.05,57.999,72.272,84.201,97.713,101.666,104.969,110.395,112.407,100.684,87.775,75.534,62.33,44.636,30.631,18.81,12.6399,6.155816,4.042928,1.981461,0.7439525,0.692,0.533,0.445,0.418,0.335,0.339,
410.000,92.198,67.023,41.916,27.094,20.182,13.971,15.249,15.785,19.715,19.329,23.633,26.921,34.707,42.645,51.354,64.147,75.849,90.085,103.288,111.056,116.902,119.287,121.312,108.787,99.682,82.178,63.293,47.813,32.575,20.826,13.7042,7.140476,4.691062,2.162426,0.8815654,0.887,0.392,0.456,0.293,0.221,0.401,
411.000,99.28,81.929,39.632,28.308,18.046,15.334,13.949,15.437,18.085,21.88,22.965,27.822,33.022,44.995,53.148,65.77,79.085,93.761,112.194,117.109,124.859,124.674,128.527,117.27,106.031,88.527,69.24,50.679,36.736,23.1,14.84245,7.796638,4.796559,2.493542,1.160063,0.744,0.579,0.384,0.478,0.43,0.401,
412.000,95.251,75.418,45.487,26.463,18.311,16.623,15.738,15.82,17.55,19.721,22.413,28.403,36.512,44.262,57.173,72.398,86.313,98.457,114.054,124.876,130.386,132.478,131.555,125.068,107.452,92.049,77.606,56.924,41.137,24.698,15.64501,7.637403,5.460593,2.548286,1.074912,0.7659981,0.491,0.405,0.375,0.221,0.299,
413.000,111.368,85.888,54.292,30.184,20.685,15.43,15.583,14.611,18.509,21.239,25.735,33.203,37.345,48.154,57.27,74.746,86.461,106.33,119.71,132.786,138.987,141.275,139.211,135.969,120.146,100.554,80.54,62.128,43.66,26.478,17.03021,9.128127,5.665923,2.826468,1.259667,0.968992,0.482,0.54,0.419,0.125,0.39,
414.000,118.764,95.371,44.939,33.335,19.16,17.884,15.492,17.156,17.299,21.441,26.849,29.106,38.161,48.257,63.292,78.345,89.924,105.256,123.58,138.148,143.343,146.316,147.241,145.378,125.012,105.802,88.236,64.004,45.831,28.633,18.444,10.28224,6.458802,2.880649,1.497039,0.9919063,0.519,0.614,0.385,0.416,0.344,
415.000,123.317,91.783,53.467,33.919,24.853,17.599,17.204,18.427,20.103,20.573,23.987,33.171,42.637,49.469,62.229,80.422,93.438,116.299,129.059,144.444,151.262,156.353,154.121,154.05,131.633,115,95.523,68.661,49.542,31.26,19.393,11.2997,6.820245,3.137527,1.779826,1.065187,0.762,0.516,0.521,0.289,0.325,
416.000,114.711,102.895,58.528,35.996,22.945,18.942,16.241,17.982,17.817,22.654,28.702,32.373,42.862,53.015,63.694,77.675,101.262,117.447,136.956,149.403,156.522,168.418,161.668,161.024,141.01,122.181,98.413,76.323,53.013,35.535,20.401,11.7791,7.142054,3.567044,1.929064,1.104402,0.599,0.59,0.281,0.348,0.437,
417.000,137.173,106.969,62.202,37.299,27.427,18.654,18.198,20.111,19.632,22.412,27.209,33.261,43.565,50.851,66.783,86.113,108.222,123.578,142.597,160.644,167.324,171.335,165.319,165.668,148.54,129.964,105.104,79.536,56.046,37.432,22.09,12.66025,7.70184,3.683573,2.217243,0.9147196,0.573586,0.472,0.508,0.446,0.362,
418.000,135.925,102.479,64.381,38.913,25.565,21.485,17.539,16.27,21.218,21.704,28.977,32.977,44.665,55.724,67.4,86.016,104.619,127.132,145.62,164.68,174.912,179.485,173.909,173.194,157.016,132.018,105.426,82.886,59.487,39.766,24.48,13.44239,8.153668,4.075578,2.409048,1.047637,0.8933776,0.407,0.38,0.35,0.35,
419.000,133.047,110.524,65.625,36.576,30.141,21.241,20.847,21.419,21.734,24.853,28.179,33.13,43.659,55.494,69.735,89.101,109.915,135.876,154.227,171.164,184.222,182.821,186.469,181.569,163.625,141.044,117.046,85.853,63.34,42.014,26.467,14.567,8.891811,4.277693,2.658713,1.146244,0.7710163,0.483,0.317,0.445,0.444,
420.000,166.9,119.551,66.735,42.026,28.955,24.533,20.577,19.054,21.943,24.348,28.269,34.088,44.926,58.647,75.037,94.607,111.735,138.976,164.21,180.269,185.428,195.193,190.775,190.199,170.619,146.924,118.907,93.605,67.698,43.465,27.805,15.889,9.388678,4.65159,2.775333,1.275403,1.058032,0.453,0.309,0.293,0.344,
421.000,148.934,128.634,73.919,45.373,33.657,20.779,21.077,18.087,22.142,24.253,28.4,37.104,46.904,60.288,76.018,95.365,117.654,141.184,167.022,185.099,195.871,201.395,200.418,193.776,180.834,150.887,125.796,99.443,70.548,46.325,27.948,16.571,10.05559,4.991195,3.10385,1.408013,1.16723,0.497,0.494,0.291,0.288,
422.000,163.829,129.456,78.375,48.182,33.791,24.078,19.676,19.152,23.189,28.012,31.355,38.618,50.964,61.187,79.758,96.915,122.32,145.965,168.418,189.905,200.204,211.101,210.265,205.716,187.175,159.803,130.683,100.522,73.735,48.884,30.179,19.491,10.33206,5.260953,3.272338,1.65874,1.212293,0.5475947,0.401,0.382,0.236,
423.000,177.596,137.223,83.357,44.63,33.725,24.868,22.667,20.46,23.039,25.439,30.827,38.365,48.939,61.423,76.799,99.157,121.819,149.228,179.342,193.008,208.771,210.865,212.765,204.164,193.998,168.603,135.992,105.232,77.926,53.09,32.663,19.027,10.72713,5.682979,3.549022,1.493717,1.196735,0.5067029,0.654,0.361,0.455,
424.000,175.43,131.239,79.852,48.028,35.847,26.095,23.677,23.416,23.214,25.144,33.028,40.473,51.456,64.826,80.391,102.105,126.899,152.129,180.232,202.3,212.93,220.609,220.083,212.244,198.867,172.249,142.21,111.761,81.526,51.622,35.861,20.652,11.429,6.154156,3.833165,1.550631,1.269435,0.4516015,0.468,0.375,0.293,
425.000,181.207,142.34,83.88,49.605,36.501,26.446,19.661,20.705,22.961,25.472,32.081,39.031,54.187,61.522,84.423,104.91,129.948,156.728,184.455,209.912,220.187,226.196,228.443,220.636,208.228,181.574,146.197,115.748,85.604,57.895,34.742,21.344,11.874,6.461625,4.094945,1.757041,1.521241,0.63337,0.336,0.307,0.324,
426.000,182.943,150.493,89.405,53.115,33.067,24.865,21.608,22.644,22.658,26.195,31.671,41.615,54.213,67.601,83.132,108.257,135.562,161.735,192.328,212.208,226.534,234.058,234.033,224.73,209.255,188.344,155.858,121.004,87.087,59.604,37.995,21.62,13.074,6.816563,4.316804,1.765235,1.471038,0.5560149,0.507,0.375,0.498,
427.000,196.965,144.577,93.382,55.148,36.272,27.978,22.366,21.838,24.015,26.016,29.107,41.122,54.388,68.081,85.041,111.79,135.715,165.776,192.67,219.376,235.813,240.449,243.129,232.755,215.87,194.808,159.026,126.77,91.387,63.456,40.022,23.326,13.1,7.423275,4.521272,1.877989,1.603395,0.5913201,0.847537,0.475,0.264,
428.000,215.625,159.097,87.09,56.937,43.52,28.757,23.555,23.387,23.145,29.141,32.253,40.625,54.201,67.636,86.711,112.005,134.395,172.327,193.487,224.282,234.581,247.943,243.795,238.119,224.519,198.598,167.446,126.408,92.884,65.014,42.208,25.234,13.856,7.772816,4.92326,1.947034,1.861684,0.6661253,0.4909345,0.451,0.369,
429.000,195.657,178.378,96.509,58.544,42.201,30.501,26.425,24.233,23.653,29.311,32.438,39.095,54.865,68.524,89.43,112.909,138.695,169.062,202.543,226.459,242.725,251.007,247.514,247.816,227.696,205.488,167.519,133.424,96.917,68.383,44.298,24.959,15.244,8.325,5.04949,2.308693,1.960865,0.6212426,0.5311853,0.61,0.332,
430.000,214.912,166.238,104.408,64.407,41.76,30.291,25.293,24.354,23.635,28.784,33.286,40.213,55.133,71.656,89.501,116.467,145.209,175.54,204.679,228.625,246.922,257.391,258.446,249.706,235.344,212.298,175.633,136.42,100.154,69.67,44.129,27.034,14.838,8.59,5.217929,2.189102,1.947826,0.7145462,0.4225276,0.403,0.38,
431.000,206.371,170.698,106.103,58.403,44.079,32.671,26.81,22.883,25.022,27.084,31.961,43.544,55.43,73.443,89.393,118.804,145.959,180.752,208.827,236.226,257.534,260.071,263.653,257.999,241.311,213.29,178.427,141.69,104.447,70.539,44.061,27.395,16.081,9.206,5.604542,2.34186,1.941203,0.7688194,0.523137,0.493,0.409,
432.000,225.951,177.013,113.807,63.376,40.925,29.433,24.172,21.912,23.724,27.701,33.324,41.17,54.455,73.558,93.355,118.92,148.511,179.005,214.865,236.613,256.772,267.049,268.803,264.187,246.442,218.715,179.975,145.997,105.092,74.247,47.225,29.421,16.764,9.692,5.659029,2.617612,2.279349,0.8558819,0.6447313,0.4357234,0.4,
433.000,232.735,184.917,103.206,64.44,42.944,31.484,26.237,23.511,24.644,30.201,33.569,45.665,55.806,74.13,93.738,121.625,150.444,182.885,217.186,243.302,261.985,270.623,277.274,272.513,248.203,226.593,190.318,146.179,112.892,74.524,49.762,28.872,17.666,10.611,5.885356,2.709421,2.276006,0.7952928,0.5884291,0.6657944,0.415,
434.000,228.061,177.01,112.935,62.618,44.526,34.751,26.431,26.67,24.666,29.465,35.519,43.296,58.179,74.788,95.872,122.673,151.012,188.512,223.551,247.148,266.132,277.414,276.038,269.17,249.331,220.578,196.138,152.447,111.071,77.995,48.757,31.85,17.742,10.464,5.99,2.969784,2.333117,0.8847399,0.6111619,0.4863385,0.403,
435.000,226.216,184.685,111.526,65.193,45.252,35.541,26.584,23.845,26.15,27.415,35.893,43.761,60.543,71.813,95.847,124.187,153.29,186.091,221.484,250.004,270.255,283.782,286.224,278.357,259.981,230.541,201.962,153.783,112.557,81.629,52.659,31.776,19.022,10.705,6.291,3.17672,2.41111,0.9521264,0.5052778,0.8302599,0.41,
436.000,242.549,185.727,118.507,63.792,44.455,34.121,26.233,23.619,25.034,27.878,34.28,42.711,58.526,77.181,100.676,122.276,158.874,192.019,225.432,254.036,271.714,288.155,283.956,277.905,264.479,235.797,199.817,155.886,118.301,82.28,53.821,34.472,19.706,11.452,6.386,3.630552,2.770893,1.02106,0.7511609,0.6902951,0.562,
437.000,254.817,204.054,117.549,66.883,48.875,28.307,25.664,23.454,25.143,29.892,35.451,44.727,59.581,79.888,96.352,126.84,157.173,192.974,227.117,257.05,277.445,286.789,292.751,285.883,267.906,234.232,204.049,160.79,118.288,81.563,53.996,35.01,19.954,12.179,6.449,3.691285,2.861822,1.094073,0.7490213,1.215065,0.5552297,
438.000,233.582,205.782,125.605,71.279,43.727,35.263,26.625,24.975,28.554,29.917,34.593,43.63,59.849,78.884,100.067,130.015,160.641,190.376,233.024,256.254,279.397,293.219,299.322,286.381,270.554,240.903,206.671,161.525,122.966,85.677,56.626,36.005,20.564,12.443,6.8,4.228333,2.853058,1.279835,0.8041714,0.8468384,0.5898758,
439.000,244.099,196.882,120.255,68.121,42.449,33.685,31.593,26.836,26.713,29.022,34.782,45.521,58.72,79.474,97.253,128.782,164.303,193.934,231.487,264.191,282.139,290.392,296.423,292.21,273.926,240.349,209.817,168.655,124.17,86.646,57.676,36.108,21.716,12.691,7.472,4.371,3.28225,1.384692,0.9277836,1.017872,0.706445,
440.000,259.52,200.699,124.467,73.268,49.31,36.614,29.864,23.974,25.537,29.917,36.592,43.309,59.545,77.488,97.433,126.503,161.148,202.055,239.116,262.258,283.491,297.757,300.751,299.866,278.239,247.443,209.414,171.326,124.671,87.336,56.816,37.419,23.081,13.659,7.689,4.644,3.176139,1.512655,0.9162921,0.9932626,0.7542481,
441.000,252.157,220.868,117.764,77.559,43.967,36.006,29.401,25.661,24.839,29.165,37.575,43.651,61.656,80.447,95.203,128.966,167.061,200.107,239.075,264.302,285.717,302.355,306.336,304.138,279.962,248.39,213.064,173.291,129.48,89.036,59.442,37.726,24.347,14.049,8.589,5.102,3.410378,1.620288,1.146027,1.355389,0.7676247,
442.000,250.141,209.371,124.12,71.136,54.06,38.849,29.235,27.459,24.217,30.081,36.564,45.676,62.812,79.208,101.048,130.211,164.076,197.453,236.336,271.665,294.045,310.863,304.593,301.001,284.577,252.371,214.893,178.692,126.53,89.647,60.613,38.192,24.528,14.243,8.945,5.588,3.488533,1.754001,1.131015,1.091091,0.9204564,
443.000,244.969,214.476,130.187,78.771,46.69,37.658,27.897,23.509,23.849,31.374,35.046,44.65,60.25,75.499,102.453,133.113,161.775,201.959,238.403,271.067,294.411,304.96,310.201,306.676,281.314,255.528,216.08,174.276,134.829,93.511,61.629,39.821,25.387,15.021,9.202,5.874,3.594127,1.849729,1.309175,1.331935,0.7489397,
444.000,259.727,210.47,125.467,71.272,50.092,37.491,28.655,25.71,26.015,30.549,33.634,43.883,60.618,78.625,100.244,130.026,166.261,201.711,241.787,270.21,291.998,308.544,312.672,304.314,286.223,257.433,223.471,177.984,136.857,95.273,62.655,38.097,25.315,15.586,10.712,5.41,4.006,2.085979,1.56681,1.570106,0.8326606,
445.000,257.516,215.378,141.094,72.721,50.646,35.517,28.52,24.22,26.074,31.178,35.393,47.916,61.619,84.126,101.547,132.095,166.875,197.226,238.499,270.398,291.602,309.469,310.376,308.178,291.014,258,219.714,181.175,137.331,98.601,62.684,42.253,25.042,15.703,10.22,5.847,3.901,2.224569,1.611487,1.719776,0.9804613,
446.000,245.577,210.852,134.734,85.132,49.214,34.993,28.121,22.479,27.197,30.891,35.51,45.969,60.83,79.066,101.895,133.06,165.249,203.082,241.142,272.828,295.984,308.275,310.746,313.438,289.257,257.679,223.485,179.746,137.607,98.521,63.191,42.943,25.992,16.044,9.351,6.764,4.004,2.444179,1.72982,1.729291,1.030487,
447.000,277.861,224.121,136.555,75.745,52.358,31.57,30.073,24.826,25.261,29.959,37.121,47.954,60.87,80.586,104.451,130.165,164.721,206.972,247.242,276.498,299.782,308.742,312.813,311.415,291.006,257.781,222.023,184.966,141.411,97.795,65.857,42.83,27.707,17.001,10.277,6.755,4.375,2.563748,1.785018,1.512695,0.9867994,
448.000,265.716,229.692,123.797,74.215,46.516,38.463,28.65,26.64,26.018,29.966,35.905,44.759,58.375,79.715,104.148,133.823,167.387,201.639,246.032,274.717,297.654,309.929,315.636,312.209,289.21,263.666,222.622,183.409,143.085,97.644,64.538,42.96,27.578,17.564,11.004,6.382,4.233,2.867277,1.955596,1.931656,1.107069,
449.000,290.906,223.073,130.296,73.683,53.681,37.423,30.081,25.811,26.613,29.125,37.052,42.289,61.674,78.175,101.885,129.321,166.222,205.42,249.979,278.565,299.38,315.631,316.101,307.252,295.095,264.807,228.524,181.888,143.876,98.677,67.471,45.154,27.434,17.49,11.945,6.78,4.851,2.961,2.0796,1.441177,1.283326,
450.000,271.369,220.495,134.893,76.653,52.408,38.251,28.887,24.896,25.119,31.341,35.035,45.425,59.998,76.506,100.508,130.945,171.134,202.715,248.941,268.525,295.137,309.464,318.922,314.423,296.762,264.182,226.365,186.456,146.237,102.646,66.697,43.91,30.289,17.509,12.301,7.248,5.19,3.319,1.749186,1.927522,1.166431,
451.000,263.188,226.33,133.471,75.136,52.697,35.382,32.639,27.369,23.077,30.449,38.865,46.555,61.223,78.534,100.069,132.534,166.753,199.228,241.16,272.166,299.324,314.679,317.504,316.228,293.511,263.341,226.947,184.758,146.504,103.433,68.515,45.391,29.987,17.92,12.276,8.021,5.357,3.761,2.274507,2.026512,1.200532,
452.000,276.164,225.39,132.908,83.033,51.949,36.992,29.964,26.4,24.797,29.743,35.463,46.511,60.743,80.555,99.919,133.1,168.159,203.046,243.669,270.096,297.783,311.713,310.835,314.256,295.097,262.539,226.678,183.175,148.108,102.62,67.378,46.072,29.18,19.584,11.828,8.503,5.403,3.752,2.554956,2.139259,1.281523,
453.000,262.665,227.579,130.055,74.855,57.499,38.522,27.096,26.667,26.683,30.67,35.823,45.085,62.934,77.936,99.125,131.298,164.117,201.4,242.286,273.556,296.48,315.721,309.887,310.694,289.571,267.16,225.122,185.746,144.702,101.757,70.034,47.446,30.332,20.139,12.822,8.38,5.322,3.825,2.554533,2.143355,1.411492,
454.000,263.327,222.047,136.099,81.703,53.858,37.395,28.166,26.696,26.541,29.731,36.323,45.718,58.427,78.211,100.243,129.121,166.567,202.381,240.491,271.601,293.459,309,315.282,315.295,293.6,266.984,227.695,185.596,144.925,103.679,67.912,48.074,32.35,20.025,13.815,8.313,5.605,3.646,2.465,2.388983,1.544414,
455.000,253.221,213.59,133.03,80.754,52.402,38.486,27.966,25.653,27.69,27.796,36.612,45.277,59.593,77.501,98.819,127.646,163.144,201.376,242.402,269.12,296.044,307.158,310.395,309.689,294.768,262.857,230.179,182.415,145.156,102.668,72.754,46.845,30.537,20.163,13.308,9.642,6.03,4.469,2.942,2.123083,1.584734,
456.000,257.645,227.235,129.965,75.313,51.717,38.85,33.584,24.311,22.948,26.122,34.96,43.946,60.261,75.512,96.923,129.075,160.523,198.137,239.787,269.952,290.648,304.636,306.615,308.343,291.425,264.326,228.1,185.424,141.356,105.208,71.55,47.239,31.536,20.406,13.785,9.333,6.885,4.369,3.051,2.37981,1.485678,
457.000,269.052,210.673,136.407,76.275,50.802,41.759,26.587,24.495,27.048,28.02,32.95,42.988,59.227,73.135,97.593,129.741,158.047,193.97,234.265,270.406,286.89,307.817,311.997,305.925,290.338,264.737,227.068,185.13,141.779,107.28,74.029,47.124,33.241,21.262,13.863,9.19,6.508,4.73,2.899,2.238829,1.493944,
458.000,267.462,232.502,130.187,74.188,55.331,39.675,30.187,27.435,26.441,27.697,33.724,44.015,57.928,77.566,95.912,129.805,162.828,194.316,234.065,264.563,287.125,304.936,306.288,309.957,286.722,258.692,225.361,182.012,141.106,105.41,74.762,47.141,32.157,22.022,14.773,9.479,6.975,4.62,3.155,2.001541,1.54946,
459.000,256.748,209.747,131.836,79.731,55.983,35.463,31.465,24.688,24.862,29.624,30.614,40.431,54.734,74.011,96.855,126.871,159.615,193.936,230.707,267.278,286.197,306.036,303.878,306.728,284.179,260.322,222.83,181.227,140.272,103.643,70.69,46.826,33.409,21.307,15.442,10.571,7.233,5.01,3.167,2.485,1.632413,
460.000,268.953,208.291,132.006,76.846,51.947,39.004,30.813,26.344,24.709,27.821,32.931,43.627,53.783,72.061,96.704,127.078,155.809,192.914,229.402,261.801,287.007,299.136,301.539,301.156,283.871,260.276,225.001,183.576,140.204,105.534,72.243,49.32,32.86,22.29,15.205,10.11,6.987,4.965,3.323,1.94,1.560154,
461.000,257.48,213.013,120.21,77.219,54.335,35.284,26.153,23.375,24.909,29.194,33.731,41.17,57.202,72.06,97.218,126.229,156.754,189.798,231.128,259.869,276.877,300.477,301.803,298.363,284.531,260.264,221.807,181.411,142.42,104.684,72.11,50.05,32.681,21.914,14.924,10.941,8.38,5.069,3.651,2.499,1.639117,
462.000,267.118,222.648,121.58,79.795,52.849,36.145,29.791,22.775,23.951,27.387,33.892,41.741,55.142,71.7,96.521,121.485,149.588,188.464,225.728,261.562,280.453,298.547,300.558,295.966,276.53,252.923,221.348,180.163,141.398,103.711,74.296,50.952,33.248,22.142,16.258,11.746,7.677,5.276,3.784,2.214,1.818077,
463.000,246.779,218.384,128.394,71.832,57.187,40.833,32.196,24.994,22.721,26.41,32.645,42.646,57.233,70.48,92.807,123.845,158.08,187.835,225.603,257.523,280.762,293.275,297.258,294.286,278.554,248.801,216.424,178.557,143.311,103.311,74.754,49.052,32.976,21.94,15.738,11.211,8.096,5.748,3.752,2.376,1.859969,
464.000,246.364,205.997,129.188,77.797,54.712,42.728,29.365,24.31,24.173,26.223,34.546,42.052,57.579,70.76,90.023,120.456,150.956,188.189,219.923,250.964,275.018,289.147,294.306,290.703,277.386,250.692,219.649,174.616,140.013,101.288,74.475,51.211,34.158,23.105,15.671,11.909,8.67,5.565,3.904,2.586,1.553,
465.000,255.689,224.903,117.916,73.402,51.893,39.359,28.527,26.253,22.745,28.655,32.986,41.751,53.113,69.661,93.408,117.128,151.675,181.746,217.634,248.312,266.327,285.421,286.838,286.52,275.849,250.323,218.341,178.307,135.177,102.128,71.369,49.721,34.425,22.52,16.373,10.658,8.196,6.162,3.975,2.82,1.817,
466.000,239.056,204.393,130.642,77.174,47.088,37.909,29.975,24.432,22.269,25.76,31.93,40.927,51.73,69.714,89.165,116.257,147.065,177.949,211.111,249.65,266.012,281.374,290.235,289.642,264.153,248.825,212.454,172.699,138.192,99.653,70.301,51.462,32.785,22.86,16.696,11.952,8.644,5.7,4.288,2.449,1.775,
467.000,243.858,203.368,125.525,72.341,49.828,38.168,29.793,25.218,23.041,26.682,31.326,42.06,50.596,68.45,89.295,112.965,146.109,179.027,217.796,243.807,265.075,280.404,284.009,284.121,269.764,244.198,211.094,173.145,135.148,100.031,72.658,51.445,33.939,22.504,16.699,12.237,8.219,5.879,3.885,2.704,1.82,
468.000,232.983,202.615,121.072,73.129,50.578,39.672,27.49,24.144,23.984,27.68,31.017,40.339,53.203,68.373,87.302,112.184,143.823,173.757,213.753,240.929,260.814,279.117,279.375,277.038,264.535,240.181,205.475,171.071,135.217,97.592,70.481,51.049,35.483,23.363,16.08,12.761,8.448,6.742,4.238,2.991,1.701,
469.000,229.324,194.56,113.602,73.091,53.456,36.513,30.121,22.676,22.649,27.504,30.529,40.776,53.188,65.222,86.392,113.696,143.606,173.877,211.013,237.829,259.316,270.876,278.41,276.094,263.965,238.866,210.319,170.55,134.055,100.283,67.906,51.606,33.941,24.053,17.955,11.593,8.661,6.071,4.349,2.67,2.01,
470.000,243.093,198.537,123.931,71.552,54.335,34.146,29.45,21.952,25.468,25.24,29.373,37.09,49.973,65.842,86.687,112.82,137.522,173.116,204.339,231.644,250.266,265.711,271.48,274.547,257.036,237.589,206.82,171.84,134.27,96.004,71.264,51.005,34.328,23.927,16.737,12.315,8.67,6.459,4.469,3.087,1.884,
471.000,229.637,196.347,120.8,68.765,44.484,35.396,28.273,22.252,22.801,27.379,28.102,38.743,51.162,61.817,82.704,108.132,137.668,169.293,201.689,235.496,252.889,262.293,273.894,266.681,258.142,233.356,205.11,164.208,131.598,94.649,69.216,51.478,33.952,24.39,18.281,12.219,8.576,6.25,4.557,3.211,1.812,
472.000,232.384,194.992,115.457,62.638,48.884,34.859,28.394,21.634,24.642,23.647,29.965,36.534,48.283,61.397,83.498,102.991,133.898,167.043,197.246,225.623,251.167,261.205,263.834,268.183,252.757,230.878,201.216,165.899,128.816,95.906,69.063,50.584,33.896,23.018,17.589,12.497,8.946,6.966,4.769,2.896,1.883,
473.000,222.358,198.291,119.099,68.81,51.601,38.499,28.818,19.949,19.373,23.774,29.48,35.951,48.882,63.165,81.207,106.475,135.89,165.072,194.433,224.643,236.824,261.234,265.199,259.943,248.815,229.948,197.447,165.666,127.9,92.954,67.62,49.306,34.682,23.228,17.169,12.793,9.203,7.514,4.59,3.237,2.34,
474.000,201.118,184.47,114.522,68.021,44.957,35.494,25.518,21.648,21.153,22.972,26.118,34.927,49.203,62.726,80.722,102.853,129.814,158.278,195.141,221.165,237.434,253.969,257.921,254.933,246.154,226.594,197.049,164.359,129.847,94.669,67.262,50.038,35.372,24.277,17.036,13.744,9.332,6.921,4.466,3.587,1.911,
475.000,219.971,178.485,103.824,66.004,50.369,32.196,26.286,23.33,19.598,26.953,27.153,37.308,46.144,62.232,81.785,101.04,128.379,156.874,192.377,220.648,237.628,249.933,253.941,251.635,241.595,226.475,189.927,166.221,124.44,93.912,65.435,49.402,34.813,23.931,16.975,13.081,8.91,6.392,5.04,3.232,1.97,
476.000,217.639,187.129,97.61,66.042,44.935,32.05,24.752,22.696,22.498,22.222,28.122,34.732,44.026,58.949,75.415,101.577,127.43,152.946,187.577,213.231,232.332,245.533,254.049,248.116,236.326,218.23,185.633,153.712,123.541,90.17,65.895,47.921,36.015,24.116,17.332,12.067,8.671,6.999,4.634,3.089,2.135,
477.000,204.244,164.946,107.764,66.078,43.919,31.597,24.831,22.931,21.009,22.713,24.7,35.739,40.941,57.97,74.13,100.676,124.416,150.268,186.701,208.97,231.021,240.333,242.847,248.267,238.387,211.173,186.742,154.592,121.238,90.009,65.946,46.605,34.669,24.675,17.249,12.216,9.183,7.32,4.552,3.562,1.88,
478.000,209.775,177.34,108.678,61.846,46.292,33.981,24.519,22.88,17.997,20.626,27.361,32.406,45.542,57.425,72.49,97.779,125.609,152.277,182.17,203.505,221.269,237.68,238.752,235.39,226.977,209.51,183.872,150.518,116.929,88.806,64.727,45.515,34.36,25.131,18.116,12.774,9.048,6.956,4.622,3.345,2.363,
479.000,190.33,187.392,104.71,64.003,46.195,32.696,26.219,21.381,19.645,23.197,26.525,31.508,45.907,57.389,71.801,92.005,122.083,144.153,176.72,196.481,219.797,231.859,240.592,233.562,227.447,213.36,180.559,151.337,119.948,89.44,64.358,46.444,33.739,23.597,17.408,13.303,9.46,7.02,5.277,3.342,2.296,
480.000,211.106,172.089,102.212,60.928,41.513,32.357,23.072,20.131,19.755,21.801,24.932,32.652,44.682,53.691,70.622,92.345,117.478,147.432,175.688,200.948,211.153,232.406,233.547,234.579,221.537,203.242,176.466,145.949,117.334,88.084,60.453,45.242,33.791,25.235,17.243,13.002,9.69,7.238,4.758,3.338,2.542,
481.000,205.948,167.819,95.766,64.465,49.714,32.521,24.315,20.274,17.604,21.81,25.02,34.528,42.34,52.384,70.887,92.255,120.486,140.095,173.759,193.986,215.898,229.165,225.376,231.916,220.677,196.53,174.564,144.669,113.779,84.75,61.135,44.691,33.041,24.133,17.751,12.583,9.104,7.805,4.92,3.082,2.029,
482.000,187.591,173.296,100.154,63.617,43.757,31.477,23.44,19.755,18.358,21.613,24.401,33.638,44.216,55.35,70.161,90.513,112.457,138.249,171.575,192.449,205.04,219.956,222.842,222.751,216.489,196.084,170.883,142.436,115.189,85.004,63.824,44.081,32.068,24.548,18.658,12.194,9.837,6.616,5.164,3.77,2.25,
483.000,184.909,170.147,93.498,56.163,41.563,31.329,23.062,19.106,19.844,21.811,23.777,32.843,41.382,51.427,69.338,89.51,113.833,138.622,162.928,187.599,204.14,217.496,220.408,223.152,212.202,191.698,166.658,141.172,109.257,81.21,60.068,44.019,31.812,24.242,17.663,13.31,9.64,7.451,4.951,3.684,2.37,
484.000,187.949,160.926,92.164,60.75,41.983,32.712,23.429,21.229,18.54,18.978,25.23,30.542,39.696,52.162,66.131,86.942,112.454,141.258,159.363,187.748,197.69,211.585,221.369,217.766,206.876,186.206,168.465,136.283,110.26,83.251,60.072,44.335,30.013,24.661,19.136,13.11,9.698,6.874,4.883,3.714,2.606,
485.000,188.343,165.965,93.244,61.581,42.538,29.531,25.845,19.57,18.489,22.697,23.589,31.471,40.452,52.227,64.668,84.803,105.749,136.573,159.277,183.943,194.999,206.73,216.093,213.332,203.612,186.226,163.109,135.87,110.031,82.194,59.082,42.129,31.076,24.221,18.814,13.13,9.571,7.301,5.212,3.838,2.333,
486.000,181.655,152.906,89.794,59.513,39.548,29.169,23.905,21.159,19.387,17.507,23.458,28.062,37.672,52.875,66.247,83.019,108.485,126.068,153.484,176.036,191.115,205.62,207.541,211.294,205.897,181.063,162.236,134.503,106.409,80.097,56.171,42.388,30.066,24.663,18.216,12.632,9.383,6.89,5.609,3.895,2.486,
487.000,180.8146,149.441,101.521,56.297,40.668,30.904,23.356,16.8,19.382,19.801,24.839,28.962,38.299,48.077,64.268,81.436,102.033,128.873,150.114,169.821,189.187,201.035,204.742,205.686,193.997,178.075,159.54,130.746,106.197,78.487,55.98,40.828,30.262,22.908,17.454,12.772,9.455,7.166,5.089,3.547,2.494,
488.000,181.9735,145.931,90.359,52.134,42.579,26.621,22.723,17.832,15.534,19.03,21.127,28.692,35.727,49.592,59.239,79.032,101.432,125.338,146.998,172.281,185.384,198.619,201.111,196.745,195.031,177.536,153.956,125.509,104.839,77.121,55.05,41.087,29.295,22.186,17.078,12.732,9.356,7.155,5.079,3.582,2.844,
489.000,176.6608,143.816,91.805,54.646,40.529,26.666,24.494,18.75,16.935,19.069,22.405,27.389,38.107,46.728,57.737,76.789,94.966,122.641,143.781,164.258,185.23,194.273,194.449,195.358,186.304,175.53,150.569,127.147,100.238,74.833,55.953,39.138,29.629,21.632,17.697,12.911,10.091,6.54,5.111,3.746,2.32,
490.000,172.7483,138.82,88.801,53.273,39.824,25.299,22.444,18.381,19.884,19.724,21.546,28.536,35.805,45.173,60.065,77.556,95.814,119.902,145.819,166.468,180.171,187.065,193.633,196.058,181.773,172.002,149.41,126.708,97.871,75.437,55.187,39.601,29.305,22.752,17.644,13.427,9.034,7.08,5.32,3.994,2.613,
491.000,175.8675,143.575,87.591,47.33,36.177,30.794,21.464,17.12,16.354,18.206,20.604,27.946,35.702,45.036,57.173,75.145,97.96,119.228,140.772,158.963,178.843,185.312,190.247,190.119,181.293,165.753,148.592,123.326,95.508,73.501,53.375,39.019,28.509,20.662,16.625,12.886,9.55,6.962,5.012,3.636,2.683,
492.000,175.5979,131.247,91.246,49.773,36.991,27.577,19.611,17.341,16.043,17.802,19.122,25.589,35.615,45.504,54.388,74.071,94.365,117.678,134.87,155.219,166.171,181.056,187.12,187.453,178.481,164.134,141.363,118.1,94.322,73.653,52.954,38.842,28.977,21.257,16.261,13.244,9.313,7.269,5.147,3.709,2.801,
493.000,173.5846,132.341,80.808,51.437,34.451,28.002,20.035,16.703,17.951,17.155,21.304,28.267,31.28,40.842,53.936,72.73,93.369,114.055,137.085,154.92,167.008,177.662,179.045,181.423,173.586,157.513,139.112,114.311,95.265,69.689,51.629,38.545,26.228,20.943,17.551,13.206,9.038,7.567,5.155,4.254,3.031,
494.000,170.1825,131.378,82.089,49.168,33.565,24.227,19.699,16.02,16.781,17.347,19.383,22.777,33.761,42.318,55.092,70.383,88.393,110.306,129.974,152.942,160.189,172.677,176.942,178.869,165.73,155.299,134.775,114.474,91.653,68.959,51.398,36.745,26.786,20.308,16.409,12.748,9.036,7.016,5.167,3.927,2.557,
495.000,163.9395,134.744,73.644,47.746,32.145,30.644,21.038,17.783,14.869,16.307,18.073,25.896,32.704,38.799,52.974,68.117,85.394,107.358,132.512,144.996,159.481,169.09,176.949,173.5,167.001,153.118,131.388,109.28,90.793,67.549,49.189,37.351,28.387,20.252,15.547,13.615,9.451,7.303,5.107,3.853,2.583,
496.000,163.153,126.664,85.779,46.296,32.789,23.737,18.911,15.76,17.258,17.399,18.913,24.295,33.585,39.723,49.443,66.513,85.29,102.205,124.343,139.617,155.327,168.88,167.777,168.981,164.383,149.534,131.304,107.941,88.442,66.169,49.443,36.035,25.849,19.968,16.029,13.088,9.558,6.874,5.145,4.245,2.757,
497.000,153.6955,128.7621,75.623,42.635,31.464,26.894,20.912,15.987,16.302,16.844,19.389,25.15,31.347,40.266,50.521,64.606,79.894,99.117,122.504,137.279,153.128,164.181,166.322,164.163,159.906,146.619,128.358,108.867,86.556,66.263,48.923,34.665,27.226,20.229,14.899,13.587,9.606,7.018,5.084,3.676,2.925,
498.000,151.5834,127.4485,73.745,46.618,31.85,27.498,18.807,14.819,15.579,17.86,19.432,23.404,30.396,37.057,46.289,63.848,80.444,100.752,119.762,135.414,151.183,154.706,158.385,161.771,155.351,141.344,125.351,105.736,86.093,63.194,46.4,34.128,26.36,18.917,15.835,12.639,9.263,7.076,5.761,3.402,2.882,
499.000,148.0034,123.3907,72.481,46.047,31.987,21.814,16.339,14.347,14.418,14.856,17.468,23.68,28.121,39.818,48.578,64.213,82.314,94.671,116.456,131.97,147.841,156.494,160.388,158.528,150.083,136.703,123.486,102.77,87.087,63.204,46.509,34.149,24.919,17.795,15.081,12.269,8.941,7.8,5.328,3.453,2.957,
500.000,148.8075,125.5326,70.217,42.08,31.68,22.782,17.725,15.301,14.34,16.274,17.276,22.611,28.771,36.225,47.395,59.13,78.108,94.639,114.662,129.18,144.328,152.815,156.031,153.176,148.697,138.964,120.856,103.037,81.978,63.282,43.792,34.268,24.894,17.163,14.505,11.606,9.53,7.311,5.599,3.788,2.493,
501.000,142.8977,116.9239,71.107,45.639,27.179,26.803,17.315,12.551,13.063,15.382,17.05,21.995,28.585,35.877,45.867,58.394,78.63,93.258,113.397,129.852,140.3,144.806,146.747,150.932,150.093,131.584,118.423,97.894,79.04,59.633,43.984,33.502,24.53,17.678,14.651,11.884,9.604,7.167,5.108,3.978,2.633,
502.000,148.196,120.2285,62.686,43.71,26.133,21.406,18.374,14.793,14.614,15.074,17.153,21.828,28.656,35.922,44.281,58.188,73.81,89.842,108.868,126.166,138.099,143.311,148.604,147.479,139.798,131.965,117.144,95.559,76.646,60.155,44.051,32.879,23.217,18.42,13.769,11.452,9.765,6.895,4.939,3.839,2.648,
503.000,134.1349,112.0477,70.887,44.886,28.529,23.377,17.543,14.015,13.808,14.383,15.486,20.342,26.38,33.748,43.817,57.575,75.552,90.257,105.612,123.193,131.717,139.417,145.326,143.631,140.068,129.245,112.076,94.028,75.188,57.742,43.052,32.863,23.192,17.518,13.92,11.947,9.359,6.617,4.56,3.578,3.299,
504.000,134.3716,114.5391,72.623,39.936,27.239,24.128,15.981,13.223,13.461,13.836,16.345,21.361,25.76,32.491,43.318,55.902,69.444,84.513,104.633,119.823,130.504,141.208,139.765,141.352,136.499,126.113,110.662,92.924,74.263,56.711,41.389,31.64,23.463,17.281,14.102,10.414,9.466,6.783,5.31,3.622,3.112,
505.000,123.6019,109.4151,64.209,39.215,30.386,21.752,17.585,13.003,11.57,15.462,16.474,19.41,24.34,33.808,41.556,51.805,65.784,83.802,104.324,117.386,128.658,132.875,138.46,137.992,131.765,122.259,107.61,91.081,72.335,55.718,40.649,30.163,23.134,17.881,12.703,10.801,9.296,7.538,5.159,3.825,2.583,
506.000,126.8488,106.5786,61.122,37.619,25.853,23.231,15.959,14.611,14.22,13.99,15.252,18.816,26.601,29.75,40.034,53.263,67.402,83.565,95.529,114.16,121.278,130.977,135.548,136.318,131.934,119.223,105.687,90.329,70.991,53.387,40.355,30.358,21.593,17.277,13.992,10.316,9.897,7.002,5.17,3.876,3.113,
507.000,121.8858,108.4884,66.74489,41.698,27.12,21.161,14.92,13.706,13.263,14.683,16.225,17.142,23.407,31.615,40.743,51.769,65.615,81.682,98.196,110.955,122.288,126.493,129.354,133.031,126.774,117.427,102.465,88.622,71.517,52.714,39.841,31.277,21.473,15.938,11.665,10.993,9.255,7.116,5.015,3.991,3.001,
508.000,117.4277,104.5213,60.65057,40.445,30.173,22.011,18.032,11.186,13.351,12.349,14.883,18.464,24.058,30.047,37.832,51.406,63.915,80.821,96.285,107.399,121.094,123.35,125.063,127.204,121.946,113.4,101.702,85.291,66.832,52.038,38.559,30.337,22.269,15.969,12.458,10.343,7.75,7.865,5.083,4.077,2.764,
509.000,115.2694,95.76787,64.48926,37.898,27.097,20.735,17.603,11.567,11.672,13.883,14.098,17.659,23.346,27.11,38.989,48.569,63.53,77.197,95.066,105.815,115.715,121.67,124.751,129.466,116.458,111.916,101.19,81.827,65.806,50.876,37.311,29.151,22.139,15.635,13.799,9.787,7.848,7.498,5.38,3.592,2.803,
510.000,109.3537,97.38962,57.74211,35.649,25.668,17.937,15.445,12.463,13.32,14.734,14.876,17.765,23.605,30.762,35.341,47.802,61.523,73.713,88.42,104.12,110.948,118.061,121,121.496,116.302,108.237,97.484,81.362,65.049,50.336,36.392,27.193,19.919,16.246,13.037,9.944,8.583,7.468,5.187,4.025,2.938,
511.000,101.3927,98.94185,59.34475,36.614,24.397,19.575,15.971,12.189,12.004,11.249,14.3,16.775,20.676,27.712,37.404,45.054,59.115,73.744,86.478,98.834,111.361,116.727,120.562,120.374,113.915,107.633,94.486,81.015,63.45,48.852,35.644,27.136,22.104,14.705,12.581,9.722,7.789,7.084,5.55,3.565,2.753,
512.000,103.8254,91.53697,58.80295,35.962,23.849,17.152,16.014,11.052,11.145,12.999,14.273,15.495,21.655,25.571,35.936,46.103,57.256,70.37,88.786,99.648,107.027,112.542,113.658,119.257,113.309,104.584,91.342,77.645,61.557,48.986,35.061,26.591,21.1,16.624,12.191,10.39,7.299,7.213,5.222,4.461,2.894,
513.000,101.4052,87.01459,62.46475,34.562,30.046,19.505,16.172,12.325,12.107,12.554,13.111,17.783,21.198,26.735,34.423,46.339,55.927,68.832,84.868,92.196,103.389,108.68,112.344,112.821,112.012,99.959,90.939,75.533,59.942,46.822,33.848,25.311,19.821,16.187,12.025,9.16,8.345,7.53,5.514,3.994,3.372,
514.000,90.814,84.62312,60.3281,31.606,22.146,17.538,13.127,12.894,12.125,10.404,14.461,16.732,20.072,24.875,34.855,43.026,56.434,67.13,84.1,94.592,103.511,108.564,111.042,110.495,105.262,100.072,87.23,72.624,59.665,44.716,34.199,25.77,18.81,14.398,11.267,8.866,7.617,6.924,5.453,3.984,3.15,
515.000,90.625,82.47316,49.85268,34.147,25.481,20.428,16.521,11.452,10.104,9.827,13.535,16.842,20.261,25.192,33.131,43.824,54.055,66.471,79.749,91.574,98.69,104.819,106.917,106.07,104.734,96.346,82.653,70.708,56.875,44.035,34.281,23.285,18.709,14.613,11.502,9.191,7.281,6.444,5.36,3.917,3.011,
516.000,96.55,78.15512,53.19831,33.298,23.458,18.63,13.491,11.217,9.933,11.56,14.155,14.901,19.035,26.24,33.362,41.882,48.942,65.603,76.449,89.233,98.379,102.599,103.345,105.967,102.185,90.706,84.103,71.238,56.646,43.417,31.883,22.113,18.484,14.67,11.58,8.428,7.889,5.877,5.49,4.275,3.147,
517.000,92.28,75.29123,43.43717,32.16987,20.217,16.927,10.807,11.449,11.481,11.417,12.901,14.417,18.796,20.43,30.528,40.001,51.582,60.647,74.587,86.024,91.749,98.63,102.399,101.429,99.358,92.862,80.699,68.896,56.754,41.247,32.801,24.162,18.537,14.379,11.004,8.653,7.058,6.403,5.697,4.188,3.017,
518.000,81.495,73.86765,47.42367,32.5842,23.067,14.962,12.529,11.317,10.073,11.316,10.502,15.959,19.685,21.455,29.86,40.014,49.191,61.762,73.444,81.828,91.472,95.579,99.417,99.629,94.906,89.225,79.106,63.849,55.298,39.811,30.855,22.706,17.919,13.429,10.912,8.376,7.197,6.41,5.574,4.01,2.728,
519.000,85.629,74.61305,35.30638,30.02954,20.351,16.984,13.506,10.993,8.6,9.971,11.778,13.941,18.959,22.833,26.982,38.417,49.616,57.327,71.016,82.041,88.473,94.72,98.012,95.837,92.585,86.219,78.277,63.896,55.328,41.878,29.931,22.755,17.747,13.282,10.909,8.439,6.766,5.416,6.143,4.487,2.94,
520.000,84.185,72.2019,51.78204,30.67046,21.864,16.339,11.979,8.985,9.293,10.41,12.882,14.988,17.352,22.942,28.733,36.787,47.277,58.152,67.918,79.698,85.736,91.357,95.041,93.015,91.72,84.347,74.159,64.45,53.259,38.818,29.515,22.497,16.831,12.654,9.721,8.653,6.165,4.894,5.532,4.436,3.213,
521.000,78.511,70.22612,39.37016,30.20019,22.43,18.858,13.732,10.976,10.127,10.606,12.872,14.75,16.664,22.569,28.777,36.166,47.802,56.536,68.638,77.488,81.738,89.833,91.648,92.329,86.371,79.668,72.476,60.508,49.798,38.29,28.303,22.151,17.125,13.043,10.393,7.947,6.812,5.318,5.086,4.296,3.212,
522.000,84.431,67.06956,37.22679,27.46082,19.04,14.88,12.001,10.749,10.506,8.027,11.191,13.771,17.993,21.051,28.597,35.503,46.795,56.591,65.02,74.146,84.401,88.89,91.299,88.693,86.723,81.326,70.435,58.955,49.75,38.097,27.718,21.491,16.351,12.767,10.276,8.343,6.522,5.754,5.273,4.336,3.109,
523.000,81.253,67.63814,42.54224,30.01395,19.592,15.325,12.219,10.538,8.903,9.363,11.823,13.018,16.893,21.16,26.721,35.538,45.242,51.469,63.049,74.765,77.741,83.889,88.641,86.901,84.665,79.86,69.511,59.446,47.24,36.222,27.576,21.017,15.562,12.769,9.948,7.742,6.744,5.126,4.495,4.214,3.271,
524.000,86.231,67.808,36.28335,28.70853,16.979,12.825,11.669,9.543,9.362,8.588,11.386,12.778,15.197,19.979,25.129,34.136,43.692,50.306,64.35,72.828,78.182,83.221,85.557,86.471,81.582,77.598,67.803,57.565,47.458,36.396,28.089,21.981,16.796,12.772,10.849,7.848,6.681,5.567,4.956,4.184,3.481,
525.000,72.733,63.463,43.36391,27.96244,22.852,15.601,13.176,11.333,8.115,8.398,10.229,13.867,16.239,18.737,26.478,32.05,39.125,49.389,61.233,72.315,76.437,81.137,81.382,81.664,81.901,74.905,65.865,57.576,46.752,35.035,27.384,19.387,15.431,11.935,9.408,8.363,6.656,5.436,4.36,4.572,3.036,
526.000,72.736,61.578,43.11509,26.40109,20.791,13.69,12.747,9.865,9.248,8.534,9.208,12.109,16.873,20.065,26.669,33.077,41.316,52.28,60.865,67.373,74.711,79.909,80.928,80.879,79.45,74.045,63.607,53.124,44.223,34.049,25.222,20.3,13.833,12.142,9.29,9.088,5.991,4.877,4.088,4.499,3.14,
527.000,72.775,68.551,30.71706,27.37014,21.14525,14.516,8.995,9.578,9.724,9.512,10.511,11.415,16.209,19.096,23.629,29.657,40.089,46.945,55.94,65.023,74.79,74.793,79.361,78.929,77.17,70.672,63.493,51.932,42.823,33.473,24.295,19.221,15.073,11.977,8.724,7.752,6.594,5.056,4.324,3.86,3.374,
528.000,68.647,64.155,33.11798,25.11672,19.91814,11.561,10.624,8.041,7.938,9.267,8.926,11.834,14.228,18.668,25.02,32.058,39.381,46.49,54.776,62.221,68.193,75.014,76.339,81.114,74.817,69.218,61.981,52.924,42.291,32.766,24.363,18.898,14.257,10.725,9.024,7.195,6.128,4.948,4.266,4.456,3.552,
529.000,64.22,58.67,36.981,23.20179,21.41799,13.099,10.832,9.882,7.35,8.436,8.864,11.806,12.93,19.169,23.436,29.361,36.426,44.894,54.14,60.116,66.742,74.749,71.989,72.605,72.042,64.296,59.031,53.057,41.109,32.269,23.719,19.272,14.497,10.738,9.387,7.43,5.948,4.717,4.469,3.965,3.943,
530.000,75.825,56.554,31.50221,26.37537,22.39255,12.456,10.855,9.134,8.698,7.87,9.646,11.478,13.994,16.558,24.194,28.918,36.509,42.716,54.718,60.306,64.701,72.024,73.061,72.906,71.037,63.695,57.693,47.26,40.309,33.009,23.281,18.13,14.116,11.043,8.75,7.061,5.972,5.248,3.924,3.74,3.206,
531.000,68.485,55.599,38.44713,24.74241,22.1155,12.524,10.483,8.003,7.946,7.071,8.025,10.754,14.764,18.811,21.414,29.504,36.574,43.537,52.316,58.632,63.148,69.932,70.429,72.705,66.815,62.892,56.56,47.225,40.183,29.497,22.8,17.62,14.245,10.334,8.678,6.658,5.519,4.666,3.863,3.463,3.491,
532.000,62.431,55.233,30.25333,23.22911,21.37541,16.531,11.466,7.267,9.335,7.312,8.217,10.263,13.566,17.662,22.523,27.752,34.181,42.735,50.753,58.085,62.263,65.351,70.001,69.539,66.788,61.884,52.82,45.946,39.397,30.53,21.293,16.718,13.566,10.392,8.03,6.737,5.256,4.462,3.633,3.636,3.595,
533.000,64.084,55.862,25.87031,22.52177,21.57272,13.042,10.444,7.779,7.641,7.386,8.379,10.435,12.414,15.626,20.695,26.177,33,41.011,48.754,55.608,61.475,65.712,66.801,67.208,66.998,60.383,53.89,45.608,38.521,27.527,23.546,17.11,13.508,9.287,8.149,7.042,5.78,5.192,4.272,3.325,3.795,
534.000,58.596,52.976,33.344,22.38328,18.53755,11.59,9.958,7.924,7.404,8.07,7.201,10.279,13.099,16.495,18.906,25.072,29.539,41.438,47.667,57.444,62.13,62.624,62.37,63.349,63.343,60.251,54.613,45.182,35.798,27.368,21.011,16.715,13.215,9.364,7.569,6.876,5.846,4.48,3.804,3.291,3.535,
535.000,56.007,51.655,26.174,23.09078,18.71525,14.79,10.953,9.223,8.183,8.597,8.46,9.69,13.213,14.888,19.128,25.753,33.239,38.163,46.084,50.606,57.496,60.031,63.195,63.086,62.162,56.456,50.999,41.35,34.677,27.643,21.941,16.618,12.613,9.645,8.221,6.156,5.488,4.652,3.275,3.363,2.851,
536.000,61.943,51.16,38.28,19.43042,21.80799,11.953,8.95,7.726,5.814,8.552,7.902,9.853,12.272,14.963,18.985,25.504,30.032,37.444,43.875,53.051,55.031,59.55,59.622,60.469,59.199,55.102,48.394,43.571,35.975,26.593,20.094,15.266,11.561,9.695,7.086,6.482,5.527,4.626,4.064,3.319,3.078,
537.000,63.329,45.415,27.767,20.96855,17.70221,10.13423,7.797,8.545,5.795,7.644,8.852,9.741,11.68,13.037,20.081,25.172,30.694,37.393,42.735,49.724,54.196,58.69,59.21,59.206,56.249,51.988,48.095,41.285,33.435,24.435,20.299,15.344,11.506,9.343,7.108,6.185,5.698,4.924,3.575,2.77,3.384,
538.000,59.875,49.005,31.423,18.7083,18.98541,10.32521,10.108,5.628,6.748,6.906,9.794,8.224,10.782,14.248,16.274,24.692,29.945,37.711,42.474,50.575,54.31,54.948,57.39,57.9,59.065,52.556,47.254,40.276,31.899,24.655,20.278,14.746,11.708,9.268,7.309,6.248,4.767,4.03,3.795,3.215,2.955,
539.000,59.806,48.593,26.765,20.90121,20.47358,9.350226,8.466,7.009,5.638,6.504,6.824,9.8,10.082,15.359,19.107,24.303,27.282,35.487,41.979,46.628,51.486,54.621,55.002,57.49,56.167,52.332,45.197,37.618,31.148,25.133,19.145,14.872,11.285,8.517,7.429,6.506,5.291,4.544,3.598,3.752,2.835,
540.000,55.178,37.99,26.365,20.76473,21.0341,11.85664,8.695,7.633,5.709,8.037,7.857,9.226,10.287,13.452,16.004,22.438,26.824,34.531,40.898,49.504,52.033,53.69,54.351,56.325,54.441,53.491,43.931,39.187,30.883,24.803,19.083,14.133,11.025,8.871,7.146,6.312,4.877,4.351,3.927,3.574,2.956,
541.000,62.771,47.268,27.96,20.28597,17.97987,9.691589,10.153,7.155,6.764,5.502,6.79,7.201,9.78,12.771,16.724,21.723,26.488,33.789,38.333,42.445,47.697,51.245,53.767,54.677,51.374,49.171,42.503,37.789,29.688,24.174,17.164,14.594,11.729,8.884,7.234,6.044,5.355,4.102,3.331,3.278,2.33,
542.000,52.642,39.311,29.005,21.60042,17.10461,8.819007,7.817,7.428,7.166,5.307,6.497,8.959,10.189,13.028,16.432,20.732,26.509,29.913,36.064,42.945,46.411,48.367,52.815,52.537,50.35,48.988,44.58,35.558,29.944,22.251,16.689,13.328,11.117,8.346,7.079,5.731,4.602,4.172,3.348,3.33,2.368,
543.000,58.083,33.41,26.864,19.4042,15.53841,10.00918,7.94,6.747,7.228,6.251,6.74,7.503,9.911,13.079,16.137,20.504,26.607,32.163,37.035,41.911,47.618,49.565,49.833,51.046,48.262,46.705,42.187,35.234,28.072,22.09,18.651,12.538,10.952,8.337,7.216,5.779,4.709,4.113,3.445,3.156,2.603,
544.000,53.681,38.426,26.535,17.848,14.7569,9.76084,7.621,7.248,5.825,5.884,5.648,7.935,8.611,12.629,16.562,18.593,24.643,30.511,36.64,43.006,45.224,47.341,48.187,50.367,47.847,45.44,39.462,34.909,29.504,23.185,16.911,13.255,10.135,7.815,6.871,5.194,4.546,4.161,3.331,3.153,2.561,
545.000,59.979,41.278,23.724,16.768,13.47886,10.32222,6.41,7.829,5.745,7.871,6.885,8.159,10.228,11.521,14.458,19.583,23.412,28.121,36.021,37.672,42.681,47.94,47.223,47.994,48.302,43.544,39.304,33.533,27.736,21.638,16.474,12.25,10.168,7.599,6.338,5.584,4.068,3.22,3.442,2.943,2.41,
546.000,53.438,37.595,24.313,16.432,13.11287,6.989041,8.807,7.336,5.818,5.197,6.1,7.37,9.097,11.318,14.71,17.977,24.306,28.125,33.274,38.908,43.208,47.267,45.7,45.682,45.667,42.184,36.095,32.59,26.261,21.307,15.66,12.154,9.52,7.459,6.054,5.144,4.309,3.821,3.747,2.88,2.41,
547.000,55.127,33.909,22.336,19.355,15.17392,8.759487,7.02242,7.087,6.215,5.776,5.806,7.16,7.344,9.896,13.892,18.481,22.717,28.568,30.76,40.028,40.744,42.631,45.257,45.491,43.827,40.21,36.836,31.841,26.56,20.273,15.755,11.794,9.72,7.665,6,5.275,4.585,4.049,3.258,2.563,2.411,
548.000,48.713,32.362,22.567,15.227,14.17332,9.10822,9.039841,5.622,6.125,5.919,6.344,7.393,8.788,11.869,13.335,16.721,22.76,28.484,32.587,37.098,41.851,44.814,44.111,44.818,42.734,40.152,34.941,29.76,24.641,19.574,14.777,11.175,9.636,7.119,6.35,4.641,4.93,3.815,2.917,2.967,2.336,
549.000,48.88,37.789,21.486,16.762,10.25564,10.56813,7.716117,5.161,5.502,4.804,6.654,7.048,8.64,11.77,14.554,16.95,20.658,29.007,32.307,36.778,40.492,40.94,43.604,43.618,40.933,38.645,35.588,31.736,24.641,18.687,15.725,11.014,9.132,7.361,6.182,4.899,4.03,3.536,3.434,2.546,2.444,
550.000,40.035,34.675,21.445,15.212,13.60218,10.15312,7.510084,6.25,5.381,5.765,5.114,6.651,8.814,10.678,12.675,16.183,22.447,26.301,32.06,35.04,37.098,39.823,43.381,41.544,40.998,37.106,34.76,28.222,24.747,18.261,13.3,10.461,8.611,6.721,5.432,5.244,3.651,3.44,3.214,2.533,2.803,
551.000,43.014,35.545,24.72,16.332,11.86856,8.839172,7.305374,5.702,5.001,5.799,5.798,7.093,7.984,10.568,12.168,15.517,19.557,24.671,29.313,34.623,37.388,38.482,39.904,42.991,39.158,37.555,32.136,27.81,23.391,18.202,14.536,11.023,8.417,6.791,5.448,3.879,4.138,3.77,3.174,2.873,1.969,
552.000,34.522,35.996,17.483,16.464,11.1179,8.320314,8.256116,5.663,4.909,4.651,5.423,5.654,7.774,9.341,12.423,15.683,18.096,25.037,31.977,35.88,36.188,39.865,39.033,37.44,38.134,36.739,32.38,28.015,22.235,17.891,13.836,11.211,8.427,6.582,5.203,4.906,4.514,3.614,3.305,2.386,2.421,
553.000,40.876,46.176,21.973,14.885,11.1945,9.304649,7.003012,7.006,6.564,5.819,6.642,6.213,7.07,9.676,11.9,15.646,19.42,23.717,28.709,34.167,35.314,37.304,38.303,38.108,38.011,34.002,30.224,26.943,21.498,17.114,13.676,11.261,8.203,6.957,4.875,5.004,4.209,3.659,3.272,2.746,2.409,
554.000,35.607,37.702,20.002,15.871,10.757,9.436667,8.159476,5.191,4.743,5.751,4.78,6.403,7.662,9.313,11.791,14.677,17.326,24.335,28.063,30.461,34.575,36.902,37.431,35.602,37.491,33.513,30.573,26.498,22.714,17.742,12.908,10.693,7.946,5.748,5.373,4.489,4.223,2.86,2.868,2.758,2.388,
555.000,35.925,39.169,14.796,12.23,11.228,8.177291,6.709232,5.337,5.614,4.876,4.434,7.14,8.457,9.119,9.86,16.396,19.219,22.054,27.059,31.626,33.38,35.311,36.182,37.108,35.557,33.606,29.666,24.226,20.853,15.894,13.05,9.842,7.255,6.056,5.365,4.33,3.952,3.075,2.536,2.48,2.32,
556.000,32.493,44.429,17.27,14.164,11.714,9.186529,5.731117,3.58,6.547,5.492,5.302,5.777,6.604,9.822,11.25,15.269,16.97,21.954,26.082,30.364,31.871,35.493,37.335,34.651,35.337,32.676,27.882,23.862,20.32,16.348,12.558,9.354,7.929,6.361,4.541,4.508,3.811,3.676,2.49,2.59,2.394,
557.000,31.029,42.735,19.158,14.739,9.843,8.518425,5.970027,5.061368,4.86,4.796,5.985,5.116,6.754,8.773,10.889,14.011,18.037,20.997,24.51,31.046,31.165,31.284,34.206,33.671,31.422,31.438,27.614,23.744,18.376,15.279,12.238,9.523,7.038,6.545,5.254,4.364,4.053,3.363,2.86,2.276,2.122,
558.000,25.966,43.249,17.475,15.904,8.4,10.23438,7.10183,3.434907,5.083,5.546,4.663,5.688,8.047,8.42,9.578,13.187,16.121,21.583,24.99,30.964,31.771,32.99,31.238,33.835,32.245,32.315,26.035,23.501,20.324,15.116,11.994,9.012,6.829,5.599,5.154,4.22,4.106,3.12,2.607,2.684,2.07,
559.000,32.914,41.448,17.524,11.284,8.802,10.08512,5.75771,3.449723,5.781,4.848,4.359,5.541,7.902,10.367,9.521,14.876,17.993,21.488,24.626,26.25,29.466,31.653,34.057,32.465,32.222,29.269,27.18,23.718,20.011,14.993,11.227,8.845,7.196,5.592,4.945,3.352,3.383,2.609,2.548,2.387,2.014,
560.000,30.233,43.282,20.273,12.359,9.343,8.800171,7.285104,3.846317,4.837,4.534,4.721,4.927,6.699,9.464,9.6,13.493,16.116,19.245,25.693,26.008,27.975,30.618,32.857,32.088,31.229,28.551,25.941,23.533,18.224,14.975,10.434,9.092,5.927,6.082,4.435,4.279,3.761,3.177,3.039,2.54,1.866,
561.000,34.323,41.777,18.695,14.919,8.926,9.262585,6.173164,3.175692,5.386,4.402,4.983,5.371,6.104,7.798,10.435,11.321,15.746,18.869,22.929,27.354,28.122,29.577,31.427,30.731,29.296,27.798,25.505,21.63,17.613,12.855,10.214,9.102,7.031,5.627,4.804,3.662,3.566,2.494,2.67,2.03,2.124,
562.000,31.129,36.04,22.23,9.729,9.69,8.858398,5.282852,2.057939,4.329,5.186,4.155,4.765,5.997,7.725,9.641,11.644,14.826,18.041,22.395,24.438,28.824,27.521,29.501,29.603,29.223,25.565,24.03,21.171,17.713,12.874,10.806,8.847,6.863,5.068,4.323,3.757,3.558,2.984,3.052,2.206,2.22,
563.000,31.561,28.475,25.882,10.738,9.012,8.526009,5.953944,2.968876,5.806,3.658,5.108,5.318,6.136,8.862,8.561,11.898,15.534,18.021,20.502,23.863,25.963,27.188,30.975,29.97,28.988,26.45,23.744,19.96,16.724,13.098,10.201,8.383,6.838,4.957,4.167,4.148,3.348,2.878,2.435,2.134,2.448,
564.000,29.352,30.932,25.462,10.401,9.954,6.53,6.731932,1.967504,5.16,3.431,4.243,4.322,6.627,6.459,8.653,13.071,14.3,16.865,21.094,23.844,24.053,27.126,30.389,29.814,26.657,23.555,23.686,19.158,15.984,13.193,9.878,8.06,5.934,5.354,4.593,3.129,3.033,2.866,2.784,2.284,1.935,
565.000,27.139,25.541,25.767,12.459,9.719,7.147,7.154961,1.944734,6.364,5.505,4.06,5.725,5.841,7.693,10.056,9.913,14.159,16.486,20.349,21.142,26.651,28.508,26.173,27.241,25.763,24.076,21.182,19.703,15.699,12.247,9.747,6.873,6.449,4.907,4.275,3.855,3.107,2.937,2.248,2.33,1.814,
566.000,22.792,22.646,28.805,10.876,6.45,6.189,5.462281,2.977748,5.013,4.043,4.701,3.909,5.616,7.632,8.236,9.603,14.288,15.393,19.303,23.425,24.978,25.565,27.078,26.484,25.661,24.621,22.541,18.607,14.934,13.016,8.714,6.762,6.266,5.401,3.451,4.282,3.05,2.679,2.32,2.072,1.887,
567.000,27.484,23.642,25.192,12.362,7.611,7.307,5.373256,1.218986,4.668182,3.483,3.469,4.701,4.978,6.803,9.373,10.566,12.824,14.792,20.526,21.742,24.161,24.133,25.206,25.67,24.13,23.494,19.807,19.327,15.412,12.919,11.405,6.651,5.631,5.008,3.989,3.204,2.717,2.431,2.41,2.014,1.887,
568.000,30.993,20.688,29.729,11.582,8.643,6.521,5.497353,3.252741,6.362016,3.894,4.451,5.527,5.555,6.933,7.644,10.242,12.152,15.847,19.164,19.769,24.717,25.113,25.077,24.691,23.988,22.667,21.837,18.779,14.393,12.225,9.424,6.901,5.742,3.967,4.284,3.625,3.577,2.694,2.549,2.421,1.949,
569.000,31.411,21.787,28.296,9.554,9.939,7.079,6.120728,4.069573,5.28946,3.943,3.359,4.734,5.029,6.237,8.481,11.327,12.732,15.624,18.133,19.574,20.944,25.096,25.697,24.526,22.79,22.803,19.194,16.709,14.002,10.418,9.234,7.497,6.051,4.726,4.778,3.052,3.06,2.807,2.31,1.667,1.919,
570.000,19.395,21.938,27.928,6.734,9.716,7.586,4.50243,2.928563,6.242018,3.519,6.041,5.418,4.901,8.132,7.318,8.513,15.218,14.708,19.446,20.233,21.912,23.079,23.453,25.103,22.487,20.64,19.974,17.345,15.233,11.338,8.997,7.081,5.247,4.204,3.822,3.207,2.727,2.666,2.366,2.415,1.993,
571.000,25.334,23.273,33.269,10.083,7.83,10.245,5.638672,1.99531,5.715122,3.506,3.976,4.931,6.41,6.931,8.297,9.015,12.155,14.422,18.344,19.425,21.06,24.391,23.002,23.089,23.958,21.116,18.642,17.42,13.045,11.568,8.751,5.932,5.572,4.497,4.147,3.111,2.91,2.46,2.469,2.173,1.82,
572.000,20.454,23.337,25.594,12.992,7.432,6.863,5.166285,2.296404,5.678302,4.381,4.321,3.302,6.051,5.329,8.178,9.145,11.784,13.85,18.028,20.587,20.825,23.706,22.546,22.676,23.414,22.17,19.084,15.33,13.586,10.892,8.479,5.854,5.37,4.603,3.91,3.018,2.369,2.643,2.333,1.897,1.7,
573.000,19.09,23.892,21.882,8.765,8.5,5.446,6.261807,2.483782,5.374576,3.649,4.891,4.016,5.202,6.896,7.345,9.407,11.738,13.989,18.317,17.529,20.268,21.285,21.961,21.643,21.963,20.622,18.028,15.388,14.321,9.881,8.446,6.6,5.335,4.079,3.035,3.041,3.03,2.26,2.359,1.89,2.024,
574.000,22.208,22.266,20.835,12.746,8.903,7.308,6.037,2.217961,4.837554,3.649,4.84,4.424,5.953,5.849,6.678,9.006,10.944,12.205,18.064,18.208,19.448,20.579,22.057,20.216,20.845,19.632,17.479,14.092,13.085,10.367,6.99,6.316,5.218,4.008,3.874,2.959,3.083,2.412,2.385,1.623,1.631,
575.000,17.217,15.837,18.681,15.246,6.745,4.446,4.499,2.987818,5.623814,4.284,3.973,3.698,4.158,5.98,6.946,9.924,13,12.796,16.094,17.838,18.898,20.117,18.964,21.877,20.805,18.589,17.295,13.374,12.785,10.245,7.805,6.864,4.93,3.848,3.465,3.549,2.453,2.39,2.126,1.666,1.979,
576.000,20.813,21.222,16.875,17.244,6.724,6.03,5.124,3.063208,5.486216,4.082,3.498,4.127,5.089,4.952,7.35,8.274,10.47,12.902,15.964,17.889,18.264,20.664,19.584,21.639,19.951,18.656,16.338,14.015,11.804,10.292,7.739,5.254,4.615,4.435,3.016,2.691,2.414,2.028,1.999,1.978,1.924,
577.000,20.155,22.68,18.589,16.077,5.886,5.886,5.806,2.786791,6.880847,4.02549,3.368,2.937,5.429,5.343,6.395,8.652,10.236,12.552,13.343,16.213,18.49,20.771,21.276,19.175,19.359,18.789,15.668,14.223,11.584,8.58,6.593,5.641,4.704,4.096,3.29,3.344,2.676,2.487,1.986,1.776,1.595,
578.000,26.937,17.378,16.883,14.772,5.383,7.856,6.669,4.541202,6.325966,4.282177,3.434,5.105,4.36,6.36,6.163,8.757,9.464,12.292,13.334,16.469,17.518,21.12,19.407,18.947,18.883,18.399,15.439,13.536,11.937,9.146,7.703,6.147,4.856,3.137,3.923,2.909,2.335,2.387,2.167,1.869,1.646,
579.000,17.471,11.669,11.317,21.425,7.273,4.557,4.849,3.129261,4.884334,4.760913,4.125,3.287,5.486,5.751,6.586,7.89,9.804,11.328,14.61,17.255,17.716,18.332,18.818,17.54,18.02,16.227,16.095,12.268,11.846,9.42,7.446,5.554,4.549,4.147,3.332,2.576,1.96,2.456,1.734,2.162,1.283,
580.000,21.562,15.864,13.076,21.427,5.615,5.731,4.503,2.671946,4.742639,4.173564,2.655,3.978,5.086,4.529,6.576,8.124,10.258,12.716,13.757,14.345,16.679,18.302,18.437,18.937,18.788,16.715,16.109,12.697,12.052,7.653,6.052,5.565,4.67,3.849,2.947,2.856,2.511,2.101,2.354,1.781,1.737,
581.000,22.309,21.3,13.135,18.572,4.886,6.307,4.408,3.198429,5.601022,4.289106,3.574,3.17,4.046,5.282,6.541,8.138,9.652,10.237,12.608,14.31,14.539,17.89,16.859,18.618,17.229,17.006,14.909,12.905,10.684,8.944,7.03,5.253,4.806,3.904,2.64,2.451,2.301,1.866,2,1.974,1.698,
582.000,13.282,15.777,9.499,19.05,6.911,5.046,4.597,3.281053,5.238358,4.061747,3.931,3.984,4.055,5.3,5.578,8.193,9.081,9.547,13.054,13.12,14.198,15.475,16.648,16.081,16.2,16.437,14.038,12.965,10.057,8.664,5.476,6.47,4.304,3.935,2.725,2.361,2.235,2.465,2.061,2.237,1.517,
583.000,17.686,12.324,10.635,16.689,7.656,5.216,6.61,4.059806,4.024703,4.483374,3.858,3.294,3.965,4.508,6.522,7.09,9.488,10.811,12.317,14.745,15.823,17.021,16.674,16.42,16.396,15.676,13.515,12.34,9.286,8.042,7.059,5.523,3.963,3.267,2.664,2.455,2.318,2.567,2.143,2.116,1.67,
584.000,19.43,21.968,9.27,16.728,8.18,5.022,4.585,3.836,3.630089,4.548835,2.572,2.991,4.516,5.015,6.575,7.591,8.899,8.789,10.866,13.104,16.1,15.67,15.474,15.829,16.784,14.153,13.152,13.059,9.723,7.814,5.986,4.548,3.867,3.569,3.141,2.133,2.545,2.002,1.729,1.882,1.531,
585.000,13.514,12.233,12.688,17.372,8.02,6.394,4.184,2.711,3.299806,4.008746,3.579,3.354,4.614,4.688,5.808,4.657,9.291,10.187,13.457,12.199,15.007,14.597,15.66,15.395,15.942,15.329,13.352,10.878,9.915,8.435,5.673,5.017,4.13,3.457,3.135,2.182,2.136,2.098,2.07,1.773,1.461,
586.000,13.076,14.524,11.391,17.827,6.427,5.579,5.416,4.468,4.58346,4.450366,3.375,3.587,2.894,4.787,5.22,5.963,8.146,10.526,12.009,14.401,14.286,15.464,14.178,16.072,15.99,14.205,12.831,10.706,10.234,7.177,5.81,4.082,3.66,2.994,2.798,2.458,2.31,1.803,1.887,1.805,1.945,
587.000,18.876,19.553,11.892,14.012,12.146,6.209,3.627,4.504,2.889424,4.479917,2.76872,3.186,3.066,4.592,5.416,6.549,7.821,10.619,10.933,13.9,13.105,15.888,14.461,14.846,14.507,13.495,12.73,11.85,8.899,6.24,5.596,5.379,4.326,2.843,2.442,2.7,2.466,2.282,1.84,1.931,1.325,
588.000,11.786,20.008,9.974,11.799,11.832,3.576,6.128,2.287,2.091344,4.201746,2.445067,3.026,4.248,4.884,4.403,6.848,7.696,9.771,10.757,12.802,12.771,14.084,14.948,15.474,13.906,13.655,11.976,10.021,9.474,7.333,4.978,4.975,4.763,2.631,3.079,2.367,2.492,1.938,1.824,1.523,1.728,
589.000,16.458,11.906,10.256,7.633,13.66,5.515,5.147,3.976,2.849381,3.81979,2.661895,3.23,3.648,4.009,5.575,6.08,7.405,8.919,11.496,12.613,14.444,14.758,14.26,14.239,14.793,13.046,12.281,10.311,8.713,7.079,5.456,4.364,3.66,3.271,2.608,2.467,2.063,2.056,1.574,1.52,1.489,
590.000,20.893,14.832,10.544,9.321,14.246,5.474,3.625,4.65,4.094471,3.703027,2.10684,3.89,3.638,4.46,6.674,6.355,7.562,10.113,8.977,11.073,12.587,13.721,12.752,14.684,13.335,12.654,11.441,10.137,8.425,6.712,5.577,4.165,4.088,3.33,2.923,2.123,2.386,1.82,1.832,1.447,1.538,
591.000,18.878,10.686,10.035,9.86,12.918,3.227,2.851,2.654,3.607259,4.367534,2.421456,2.875,3.849,3.734,4.786,5.33,6.302,8.637,9.886,11.526,11.962,11.039,13.825,14.259,13.142,11.661,12.509,9.358,9.027,6.585,4.823,4.541,3.388,3.076,3.109,2.253,2.31,1.708,1.849,1.473,1.519,
592.000,13.39,14.565,9.58,9.337,14.261,5.722,4.696,3.721,2.332446,4.793643,1.915862,3.119,3.983,3.84,4.249,6.382,6.544,8.535,10.484,10.558,12.257,12.562,13.218,13.269,14.317,11.152,11.851,9.84,8.555,6.069,5.073,4.385,2.974,3.139,2.746,1.877,1.995,1.769,1.687,1.53,1.631,
593.000,14.2,15.056,11.734,10.56,15.985,6.291,4.452,5.096,2.418411,4.077808,1.914492,2.644,2.675,4.306,5.55,6.269,6.462,8.357,9.465,9.804,11.104,12.672,12.538,13.81,12.826,11.443,9.285,9.096,8.097,6.57,4.917,4.413,3.647,2.728,2.015,2.232,2.316,1.736,1.549,1.601,1.651,
594.000,15.009,13.572,7.579,7.866,17.391,5.48,3.657,4.327,1.941,4.652471,2.342965,3.092,3.016,4.527,4.65,5.381,6.891,8.2,7.834,10.639,12.058,11.417,13.056,10.997,12.929,11.216,11.078,10.064,8.902,5.376,5.292,4.188,3.533,2.953,2.719,2.053,1.683,1.733,1.7,1.444,1.7,
595.000,14.376,14.359,10.113,6.639,16.825,5.748,4.901,3.752,3.049,3.905505,0.7920865,3.392,3.458,4.552,5.111,4.971,6.684,8.227,9.596,9.643,12.405,11.59,13.254,12.007,12.213,11.145,9.307,8.377,8.29,5.781,4.804,4.572,3.054,2.922,2.538,2.037,1.654,1.558,1.651,1.54,1.38,
596.000,16.219,19.648,8.393,6.993,12.257,2.503,3.995,4.62,3.072,3.877303,1.697767,3.274,2.786,3.757,4.449,5.822,6.521,7.672,8.89,9.72,10.207,12.363,11.689,12.007,11.45,10.671,9.238,8.223,7.487,6.964,4.757,3.809,3.345,2.549,2.288,2.687,1.639,1.344,1.667,1.418,1.363,
597.000,19.26,10.009,10.519,8.88,14.742,4.935,4.606,4.853,3.668,4.617016,1.730056,3.681685,3.088,4.472,4.638,4.75,6.786,7.999,8.879,8.892,10.329,10.847,12.66,11.206,11.32,10.493,10.721,9.017,6.978,5.066,4.528,3.679,3.079,2.69,2.19,2.276,2.134,1.51,1.571,2.007,1.701,
598.000,12.617,13.288,10.221,4.567,11.836,7.368,3.242,3.596,3.8,4.531093,1.933366,3.194565,2.858,3.489,3.835,5.866,6.671,7.772,8.411,10.943,11.896,11.061,12.058,11.283,10.966,10.909,9.442,8.182,7.302,6.039,4.739,3.736,3.661,2.747,2.442,2.554,1.925,1.717,1.303,1.336,1.362,
599.000,17.957,11.056,8.634,5.355,8.274,7.704,4.334,3.312,3.564,3.405568,1.668594,3.620317,2.89,2.887,4.355,4.527,6.191,6.609,8.299,9.415,10.321,10.596,11.896,12.286,10.93,10.689,9.291,8.047,6.648,5.207,4.722,4.034,3.224,2.836,2.365,2.01,1.624,1.529,1.771,1.656,1.662,
600.000,11.546,15.773,9.011,5.082,10.68,10.569,2.933,2.755,2.33,3.778538,0.9785341,4.455753,3.163,3.136,3.815,4.653,5.741,7.255,8.958,9.107,11.736,10.018,11.319,11.126,11.165,9.545,8.716,7.031,6.71,5.44,4.022,3.779,2.761,2.731,2.567,2.276,1.985,1.822,1.724,1.51,1.681,
601.000,12.578,12.958,8.009,7.039,6.221,6.771,4.205,4.861,3.267,3.929929,1.715223,3.378562,3.105,3.712,4.85,4.476,5.265,6.604,6.928,9.059,8.951,12.131,11.115,10.824,11.333,9.826,7.761,7.017,5.88,5.713,4.809,3.825,3.156,2.333,1.944,1.757,1.968,1.464,1.145,1.646,1.122,
602.000,9.163,13.724,10.041,6.656,7.594,10.954,3.563,2.649,3.267,3.406686,0.9238848,4.728587,2.991,4.231,3.977,4.744,4.977,6.081,8.19,9.161,9.673,9.964,10.472,10.771,9.87,10.704,7.647,8.182,7.018,5.895,4.652,3.505,2.903,2.508,1.84,1.989,1.902,1.502,1.437,1.635,1.762,
603.000,10.484,12.279,8.062,6.926,5.258,12.604,4.509,2.871,3.076,4.28327,1.55724,3.68208,3.672,2.728,3.632,4.344,6.217,5.967,8.779,8.291,8.841,10.042,9.161,9.691,8.704,9.649,7.679,7.806,6.139,4.735,4.098,2.867,3.016,2.174,2.438,2.181,2.331,1.716,1.65,1.063,1.235,
604.000,12.673,13.643,3.081,4.677,6.711,13.868,3.048,3.154,3.441,3.586,0.7837578,4.68318,3.482,1.933,4.235,4.905,5.243,6.319,9.268,8.554,8.639,8.27,9.459,9.282,10.135,8.533,7.738,7.166,6.667,4.958,4.985,2.957,2.375,2.256,2.103,1.676,1.951,1.423,1.343,1.46,1.418,
605.000,17.799,9.661,10.456,8.21,8.409,13.293,3.388,2.926,2.091,2.553,0.948902,4.524685,2.243,3.058,3.751,3.505,4.98,6.538,7.774,7.977,8.673,10.157,8.927,10.916,8.073,8.622,6.736,6.359,5.252,3.949,3.775,3.105,2.383,2.289,2.064,1.389,1.392,1.651,1.13,1.498,1.362,
606.000,13.649,15.398,7.958,6.221,6.216,10.487,5.474,2.29,2.925,2.282,0.9783527,4.954951,2.27,2.309,4.941,3.644,4.643,6.748,9.189,6.859,9.173,8.885,8.145,9.111,9.798,9.027,6.576,6.638,6.69,4.836,3.788,3.445,2.807,2.475,2.149,2.322,1.817,1.86,1.33,1.294,1.257,
607.000,13.133,14.647,5.776,4.942,6.69,12.774,5.623,3.201,1.821,3.679,1.50154,4.595485,2.585116,2.602,3.323,4.059,4.189,6.658,6.2,7.513,8.426,10.56,8.79,9.044,8.138,7.861,7.958,6.88,5.001,4.717,3.263,3.596,3.165,2.294,2.061,1.726,2.049,1.706,1.437,1.161,1.41,
608.000,10.751,9.036,4.186,5.71,3.553,13.324,4.637,2.989,3.407,2.454,0.43507,4.768669,2.249814,2.852,3.083,4.335,5.006,5.645,6.059,8.525,8.301,9.122,8.372,9.822,8.339,7.887,6.797,6.224,4.765,4.447,4.013,2.698,2.46,2.239,2.598,1.849,1.916,1.707,1.526,1.279,1.428,
609.000,14.375,10.439,9.849,4.059,6.079,9.997,4.388,3.124,2.558,2.369,1.579076,4.990194,2.616267,3.193,3.513,4.759,4.466,6.116,7.497,7.507,7.961,8.806,8.245,9.404,9.31,7.808,6.729,6.086,5.992,4.645,2.871,3.077,2.02,1.871,2.222,1.911,1.7,1.415,1.398,1.484,0.932,
610.000,13.674,12.796,8.989,6.368,5.269,10.439,5.138,3.162,1.619,3.177,1.667967,5.429768,1.348112,2.644,3.127,4.082,5.843,5.503,7.39,8.584,8.074,7.341,8.09,9.137,8.296,7.203,7.631,6.719,4.849,3.77,3.282,3.258,1.982,2.066,1.809,1.929,1.42,1.325,1.655,1.323,1.26,
611.000,13.429,11.807,8.405,4.463,5.657,9.741,6.148,3.64,2.928,2.011,0.9286108,4.813333,1.65392,3.5,3.285,3.784,5.248,5.073,5.499,6.703,7.7,7.693,8.355,8.97,8.019,8.077,7.14,6.237,5.285,4.066,3.208,2.56,2.492,1.976,2.21,1.206,1.704,1.599,1.43,1.408,1.356,
612.000,10.848,12.36,9.192,9.253,4.43,6.007,8.149,3.038,2.404,2.45,2.013427,4.814565,1.658178,3.6,2.705,4.169,4.539,5.258,5.851,6.455,7.909,7.074,7.169,8.515,7.137,7.124,6.675,5.114,5.957,4.832,2.768,3.163,2.42,2.293,2.113,1.926,1.588,1.461,1.518,1.03,1.366,
613.000,11.463,11.555,8.396,4.264,4.852,6.906,9.318,4.701,3.463,2.023,1.40598,5.372001,0.2841618,1.948,3.26,2.936,4.053,5.363,6.727,6.662,7.202,7.196,6.853,7.855,7.426,8.025,7.553,5.743,5.067,4.556,3.292,3.095,1.905,2.024,2.049,1.792,2.027,1.718,1.426,1.353,1.278,
614.000,13.404,13.147,6.719,5.876,7.425,8.547,12.303,3.118,3.457,2.758,2.042,5.309724,1.343315,3.786,5.591,4.171,5.765,3.95,6.821,6.498,6.515,7.821,6.822,8.101,6.217,6.987,4.796,6.225,5.216,3.607,3.138,2.636,2.208,2.262,1.95,1.342,1.647,1.539,1.26,1.051,1.178,
615.000,11.864,11.017,4.603,7.402,3.172,6.787,11.324,3.232,3.392,4.962,2.458,5.704221,1.001551,3.453,4.796,3.177,4.84,4.557,5.485,6.108,7.174,7.394,8.135,6.732,6.725,6.497,5.926,5.886,4.462,3.892,3.231,1.803,2.661,1.577,1.866,1.389,1.315,1.536,1.628,1.094,1.052,
616.000,12.711,12.546,7.862,7.669,6.43,5.595,14.819,2.379,2.944,2.555,3.468,5.19438,1.257574,2.35,3.293,2.921,4.389,4.934,6.14,7.43,8.288,8.421,8.141,7.56,7.62,6.364,5.956,5.587,4.862,3.857,3.36,2.466,2.383,2.03,2.139,1.688,1.885,1.58,1.686,1.304,0.968,
617.000,15.441,9.252,8.617,5.187,7.035,3.355,14.892,4.019,3.919,2.692,2.821,5.020801,0.7064338,2.673939,3.737,4.17,3.336,5.313,6.451,6.064,7.737,6.622,8.02,6.82,7.134,5.146,5.788,4.894,4.063,3.927,3.407,3.083,2.021,1.343,1.474,2.021,1.53,1.641,1.581,1.521,1.25,
618.000,11.625,9.309,10.946,4.922,5.594,5.043,12.182,4.176,3.356,2.258,3.471,4.66236,0.7928143,2.537649,3.856,3.321,3.419,5.638,5.509,5.526,6.896,7.508,8.597,7.376,5.766,5.95,5.51,4.678,4.124,3.442,3.398,2.696,2.313,2.037,2.107,1.843,1.767,1.041,1.35,1.305,1.206,
619.000,10.192,10.422,4.658,6.216,5.352,5.404,11.406,4.188,3.665,2.575,3.527,5.081791,1.178717,2.901864,2.363,3.497,4.227,4.423,4.327,4.921,6.574,6.174,7.774,7.12,7.157,6.574,4.814,5.258,4.007,3.331,2.629,2.803,2.118,1.913,1.177,1.576,1.704,1.36,1.21,1.55,1.439,
620.000,8.151,7.304,9.852,5.72,3.892,3.986,9.736,3.891,2.86,2.714,2.764,5.310893,1.521983,2.314036,3.358,3.96,4.408,4.798,6.312,6.763,5.37,6.19,7.47,7.865,5.992,6.377,5.389,4.852,4.626,4.132,2.593,3.118,1.981,1.903,1.388,1.662,1.56,1.308,1.112,1.275,1.189,
621.000,8.066,10.714,5.714,8.191,6.428,2.565,9.718,4.105,2.308,4.067,2.712,4.527772,1.584519,1.411465,2.71,3.339,4.075,5.92,5.491,5.113,6.419,7.294,6.263,6.725,6.958,5.845,5.548,5.187,3.655,3.941,4.069,2.23,2.342,2.489,1.42,1.688,1.352,1.023,1.264,1.567,0.947,
622.000,7.349,7.395,5.835,3.975,4.168,3.594,10.039,4.39,2.298,2.698,2.483,3.729963,1.672375,2.853592,2.71,2.27,3.659,3.961,4.231,5.593,4.994,6.533,7.573,6.839,7.245,6.17,5.165,5.716,4.125,3.95,2.406,1.81,2.14,1.747,1.64,1.705,1.814,1.585,1.202,1.479,0.963,
623.000,6.067,11.327,4.497,8.928,5.706,5.749,9.705,5.45,3.147,1.025,2.969,4.203908,0.8907936,3.118765,3.54,3.394,3.239,4.044,5.429,4.813,7.005,6.162,7.897,6.433,7.462,5.889,4.746,4.623,3.862,3.509,3.298,2.278,2.072,1.669,2.006,1.476,1.481,1.566,0.923,1.122,1.406,
624.000,10.876,6.611,8.533,7.704,3.035,4.913,8.016,5.13,1.672,3.8,2.481,4.112,0.2172846,2.167053,2.629,2.061,2.894,4.2,6.13,6.337,5.656,4.728,7.394,7.191,6.687,7.027,5.545,4.813,4.406,2.873,2.238,3.305,2.011,1.859,1.765,1.978,1.719,1.344,1.339,1.377,1.225,
625.000,11.741,8.255,2.564,6.65,7.442,4.75,7.856,7.233,3.665,2.058,2.773,2.659,1.606463,2.661269,2.53,3.937,3.916,4.11,6.169,4.757,5.285,5.189,6.497,5.241,5.713,5.158,4.718,4.555,3.757,3.336,2.315,2.909,1.524,1.703,1.476,1.537,1.491,1.199,1.474,1.236,1.301,
626.000,11.422,11.718,7.828,4.984,4.681,5.58,5.723,7.955,1.837,2.826,1.887,2.966,0.6838609,3.040522,2.455,2.962,4.034,3.811,4.487,5.662,5.832,5.773,6.404,7.175,5.804,5.259,5.736,5.002,4.046,3.379,2.435,2.744,2.375,2.046,2.166,1.696,1.337,1.413,1.035,1.15,1.085,
627.000,11.171,13.477,6.785,6.996,3.257,4.691,4.366,7.731,2.932,3.561,2.491,1.339,1.436724,3.516299,2.359553,3.137,3.457,4.595,4.499,5.179,5.947,6.144,6.19,5.884,6.304,5.349,5.495,4.898,3.516,2.724,2.19,1.876,2.14,1.433,1.589,1.469,1.175,1.215,1.414,1.538,1.32,
628.000,15.055,8.207,9.001,6.153,4.536,5.317,3.555,9.766,2.925,1.938,2.368,2.456,1.014763,2.561833,1.915061,3.206,3.957,4.294,5.159,4.552,5.23,5.4,4.609,6.014,6.06,5.182,4.919,4.15,2.819,2.997,3.033,2.563,1.969,1.855,1.566,1.753,1.517,1.494,1.202,1.164,1.471,
629.000,14.491,9.584,7.526,5.916,4.888,5.038,4.372,12.153,2.775,3.323,2.51,2.835,1.190747,2.732399,2.238787,3.188,4.032,4.286,4.227,4.086,5.983,5.353,5.907,4.857,5.593,4.308,5.083,3.903,3.581,2.708,2.276,2.562,1.85,1.65,1.83,1.469,1.697,1.473,1.456,1.137,0.997,
630.000,7.178,8.077,8.099,4.308,6.79,4.135,5.839,11.99,5.449,3.432,3.97,2.847,1.501979,2.966649,1.931591,2.596,3.321,3.723,3.849,6.032,5.02,4.87,5.132,5.531,6.31,4.834,4.964,4.574,3.37,2.911,2.449,2.108,1.763,1.701,1.407,1.537,1.498,1.461,1.286,1.164,1.023,
631.000,10.8,11.296,7.119,4.534,5.654,5.414,4.145,11.09,2.31,2.213,3.145,2.575,1.82402,3.801747,2.8039,3.25,4.086,4.555,4.11,4.985,5.931,5.118,5.674,5.727,4.794,4.935,4.386,3.701,3.668,2.396,2.58,1.35,1.31,1.674,1.728,1.017,1.027,1.529,0.949,0.995,1.273,
632.000,6.15,12.368,7.25,4.577,6.927,3.959,3.689,12.95,2.803,1.613,3.623,2.325,2.076837,3.221397,1.322626,3.986,4.055,2.319,4.832,4.697,5.153,4.052,5.226,5.015,4.783,4.466,4.841,4.531,3.225,2.832,3.167,2.178,1.603,1.855,1.322,1.385,1.246,1.52,0.971,1.409,1.06,
633.000,8.47,10.834,6.269,4.871,4.461,3.14,3.947,6.659,5.083,2.954,2.649,2.472,1.812494,3.91397,0.5919133,3.354,3.424,2.864,4.889,3.738,5.385,5.467,5.571,5.695,5.863,3.557,4.74,4.078,3.117,2.681,2.262,2.105,1.405,2.195,1.022,1.936,1.421,1.708,1.619,1.871,0.859,
634.000,11.321,10.605,9.482,5.659,5.793,4.642,4.299,8.017,4.715,2.078,2.723,1.578,2.105,3.074435,1.616599,2.403,1.983,3.45,3.885,4.122,4.174,4.523,4.705,4.772,5.718,4.071,4.07,4.926,2.986,3.282,2.361,2.095,1.626,1.579,1.905,1.295,1.122,1.311,1.449,1.201,0.881,
635.000,11.426,10.991,5.693,6.289,6.682,3.759,5.735,9.236,3.624,2.206,1.991,2.448,1.333,4.192962,2.841933,2.516,3.646,3.899,3.334,4.035,3.912,5.173,4.954,4.874,4.659,4.844,3.374,3.63,2.815,2.899,2.414,2.155,1.337,1.46,1.725,1.4,1.24,1.42,1.152,0.749,1.187,
636.000,10.49,9.841,7.529,6.243,5.73,3.826,4.884,5.909,5.988,1.938,2.071,1.875,2.372,3.821242,2.676453,2.732,3.11,3.538,3.897,4.977,4.237,5.206,4.28,4.787,4.866,4.46,3.968,3.83,2.463,2.837,2.596,1.994,2.041,1.286,1.708,1.378,1.457,1.193,1.654,1.383,1.209,
637.000,12.09,6.129,8.291,4.115,4.333,6.607,3.018,6.812,6.278,2.241,1.973,2.262,2.846,3.939615,2.714952,2.522177,2.836,4.902,3.696,3.494,4.486,5.073,4.61,4.629,4.962,5.098,3.876,3.7,3.593,2.177,2.214,2.301,1.842,1.208,1.494,1.297,0.859,1.606,1.245,1.385,1.062,
638.000,12.899,10.717,6.903,6.817,3.318,4.508,3.014,3.985,7.501,1.723,2.265,2,2.164,3.009518,2.701416,1.73118,3.095,3.697,4.447,3.931,4.025,5.142,4.861,4.374,4.415,4.619,4.611,2.796,3.622,3.122,2.13,1.731,1.754,2.02,1.483,1.252,1.41,1.508,1.245,1.074,1.147,
639.000,8.699,8.023,8.538,6.123,3.422,4.92,3.412,5.614,6.457,3.106,3.465,2.751,2.899,2.992068,2.391485,1.828049,2.964,3.591,4.203,3.552,4.035,3.841,4.56,4.573,4.379,4.543,3.698,3.739,2.715,2.346,2.111,1.647,1.869,1.713,1.306,1.738,0.97,1.249,1.129,0.943,0.959,
640.000,10.615,7.458,6.075,7.266,3.98,3.09,3.145,4.425,8.389,2.24,2.173,1.851,2.279,2.824891,1.771624,1.512538,2.875,3.512,3.45,3.31,4.101,4.677,4.378,4.363,4.297,4.303,4.555,3.186,2.819,2.716,1.731,1.345,1.235,1.479,1.463,1.572,0.995,1.466,1.025,1.246,1.054,
641.000,6.999,7.021,6.236,5.934,6.545,4.285,4.676,3.954,8.212,2.265,2.784,2.704,2.703,3.8778,3.19082,2.390736,2.416,3.294,3.35,3.417,4.222,4.089,3.465,3.69,3.952,4.585,3.902,2.964,3.074,2.749,2.07,1.684,1.223,1.511,1.307,1.541,1.55,1.007,1.04,0.837,0.913,
642.000,7.805,9.718,4.494,6.214,4.881,3.591,5.196,3.04,10.785,2.767,3.498,2.827,2.993,2.795634,2.482596,1.710719,2.856,2.436,3.289,3.749,4.471,4.03,3.871,4.052,3.945,3.008,4.014,3.579,2.503,2.622,1.894,2.227,1.317,1.016,1.506,1.546,1.19,1.342,1.085,1.165,0.959,
643.000,7.754,9.268,9.228,4.774,2.783,5.584,3.565,3.205,9.939,3,2.972,1.116,1.521,2.795943,2.668602,1.655316,2.722,2.991,3.146,3.768,4.038,5.047,4.305,4.443,3.738,4.217,3.982,3.188,3.293,2.455,2.141,1.763,1.405,1.242,1.434,1.094,1.374,1.407,1.302,1.644,0.915,
644.000,10.03,7.296,6.148,3.975,4.319,1.801,2.841,3.316,11.566,2.246,2.438,1.988,2.711,2.462,2.438843,1.256717,3.153,3.161,3.526,4.052,3.305,3.186,4.103,4.443,4.349,3.272,3.146,3.09,2.829,2.239,2.092,1.409,1.348,1.691,1.615,1.55,1.499,0.923,0.981,1.149,1.499,
645.000,10.378,10.276,9.832,5.712,3.722,5.231,4.312,3.589,8.994,6.34,3.873,3.132,1.59,2.854,2.045093,1.570752,2.252,3.092,2.374,4.073,3.57,3.334,4.121,3.329,4.066,4.343,3.072,3.281,3.126,2.283,1.945,2.09,1.443,1.329,1.39,1.164,1.066,0.847,1.017,1.079,1.162,
646.000,10.955,8.745,6.067,6.181,3.583,4.889,4.367,3.138,8.426,4.354,2.661,1.526,2.183,2.424,1.885013,1.124333,2.676,2.64,2.905,3.577,4.097,3.775,3.938,3.734,4.916,4.223,3.254,3.047,2.104,1.837,2.192,1.773,1.55,1.489,1.423,1.143,1.074,0.841,1.185,1.135,1.451,
647.000,8.594,6.56,3.528,5.413,2.774,4.069,3.279,3.179,7.739,3.858,2.572,2.155,1.681,1.218,2.274531,1.2904,2.816604,2.761,3.154,3.553,3.994,3.908,3.625,3.504,3.454,3.565,3.331,2.797,2.807,1.826,1.667,1.579,1.304,1.429,0.919,1.404,1.62,0.981,0.801,0.966,1.089,
648.000,11.957,9.334,5.072,6.258,7.736,3.09,5.188,3.895,5.88,5.493,1.932,2.189,2.84,2.737,2.820191,1.008209,2.326178,2.702,2.443,3.109,3.034,3.387,3.272,4.422,3.301,3.084,2.979,2.784,2.512,2.15,2.083,1.375,1.68,1.258,1.588,1.446,0.965,1.121,1.033,1.035,1.202,
649.000,8.349,7.901,7.732,6.571,6.035,4.193,4.816,1.616,4.951,6.07,2.428,2.25,2.737,1.943,3.022518,2.247001,2.574257,2.598,3.119,3.245,3.691,2.974,4.138,3.257,2.833,3.278,3.217,2.982,3.085,2.362,1.335,1.762,1.246,1.132,1.844,1.297,1.373,0.921,1.166,1.257,0.963,
650.000,8.872,4.236,7.617,6.442,5.612,3.519,4.245,4.848,4.201,6.63,2.541,2.416,2.575,2.252,3.360153,1.687641,2.81547,2.503,3.082,3.283,3.054,3.451,3.822,3.903,3.621,3.669,2.61,3.107,2.428,2.136,2.237,1.867,1.321,1.459,1.419,1.461,1.055,1.282,0.704,0.894,0.826,
651.000,7.703,7.733,4.092,6.183,4.273,3.856,3.053,3.969,3.604,7.209,2.432,3.273,2.57,2.681,3.245914,1.551574,2.403902,2.441,1.936,3.106,3.451,3.468,3.367,3.806,3.135,2.617,2.791,3.434,2.349,1.865,1.542,1.663,1.116,1.198,1.459,0.886,0.999,1.286,1.093,0.755,0.709,
652.000,9.994,8.892,6.472,4.899,5.059,4.932,4.525,2.231,3.835,6.967,3.088,2.933,2.359,1.968,2.102325,1.439726,2.79136,2.642,2.244,2.719,4.075,2.896,3.802,2.738,3.258,3.143,2.699,2.643,2.385,2.185,1.432,1.287,1.356,1.15,0.841,1.004,0.928,1.169,1.203,1.159,0.825,
653.000,7.703,6.098,8.308,6.873,2.606,2.453,3.787,5.221,3.403,9.112,2.15,1.79,2.273,1.894,3.407999,2.172479,2.211514,1.933,3.167,3.177,2.642,3.492,3.172,3.377,3.688,3.131,2.597,2.686,2.404,2.095,1.624,1.756,1.216,1.537,1.181,1.031,1.056,0.975,1.141,1.103,0.961,
654.000,4.881,9.781,3.114,3.834,3.104,5.551,6.049,4.533,3.507,7.551,3.073,2.187,2.009,1.804,1.433,2.334217,2.64133,2.635,3.098,2.938,2.958,3.985,2.997,3.28,3.981,3.229,2.932,2.776,2.364,2.565,1.676,2.346,1.38,1.284,1.058,1.209,0.814,1.278,1.167,1.358,0.726,
655.000,14.657,6.057,2.551,7.373,4.004,2.672,3.305,3.033,3.212,7.934,2.621,2.874,1.884,2.91,2.763,1.722665,2.409511,2.158,2.238,3.252,4.276,3.412,3.278,3.293,3.953,2.936,2.596,3.012,2.834,2.75,1.817,1.235,1.523,1.411,0.853,1.221,1.339,1.139,1.229,1.22,1.052,
656.000,6.776,8.853,5.656,4.11,3.682,4.117,2.553,4.794,4.072,9.08,2.874,2.314,2.067,1.808,2.279,2.151278,2.621447,2.483,2.491,2.379,2.925,3.119,2.71,2.839,2.748,2.982,2.655,2.619,1.871,1.688,1.582,1.426,1.429,1.646,0.751,1.197,0.699,0.978,0.832,1.038,1.059,
657.000,7.929,8.311,6.197,3.691,5.224,5.522,2.991,3.763,5.043,7.95,2.916,1.736,1.896,2.609,2.384,1.676875,2.108686,2.318935,2.461,2.115,1.894,3.714,3.071,3.213,2.982,3.106,2.953,2.298,1.949,2.123,1.946,1.366,1.466,1.544,1.405,1.559,1.136,0.783,1.03,1.042,1.029,
658.000,11.251,6.838,9.038,6.364,5.116,2.908,4.359,3.849,4.427,7.159,4.879,2.725,1.961,3.446,2.375,2.341454,2.637753,2.610044,2.383,3.178,2.12,3.457,3.337,2.882,2.957,2.974,2.778,2.085,2.247,1.842,2.03,1.591,1.135,1.34,1.006,1.531,0.701,1.105,1.117,0.972,0.997,
659.000,9.635,6.664,6.679,1.749,3.945,4.158,3.118,2.36,3.824,6.551,4.135,2.379,2.557,2.686,1.346,1.78127,2.938609,2.329198,2.949,3.039,2.484,2.771,2.525,3.712,3.382,2.727,3.157,2.12,2.414,1.835,1.887,1.546,1.309,0.78,1.532,1.197,0.991,1.364,1.176,0.762,1.048,
660.000,5.977,6.344,2.269,5.776,6.073,4.35,5.956,3.598,3.155,7.433,4.117,2.491,1.956,1.775,2.017,1.71369,3.018074,2.142778,2.458,3.044,2.414,2.842,3.207,3.051,2.982,2.645,2.421,2.053,1.942,1.185,1.732,1.608,1.541,0.846,0.866,1.229,0.958,0.994,1.008,1.123,0.76,
661.000,3.566,4.486,5.985,6.775,3.96,5.594,3.703,3.583,3.114,6.441,4.443,2.935,1.609,2.087,1.763,2.43939,2.711235,2.555286,2.425,2.85,2.845,2.76,3.38,2.674,2.357,3.296,2.389,1.963,2.191,2.272,1.275,1.765,1.218,1.183,1.193,1.217,0.782,1.011,0.894,1.079,0.922,
662.000,9.137,5.857,9.186,8.824,4.414,5.444,4.724,4.367,1.981,5.281,8.32,2.887,2.729,2.36,2.411,2.873754,2.875331,2.508958,1.771,2.286,2.483,2.578,2.836,3.221,2.837,2.659,1.859,1.982,1.808,2.264,1.558,1.112,1.696,0.807,1.006,0.738,1.104,1.129,0.839,0.906,0.651,
663.000,5.379,5.731,6.588,5.186,3.511,4.958,4.359,4.34,4.781,3.73,6.548,2.747,1.989,1.517,2.516,2.503955,2.508834,2.605162,3.094,2.787,2.006,2.855,2.293,3.598,2.362,2.079,2.089,2.344,2.554,1.781,1.819,1.164,1.343,0.825,1.053,1.185,1.058,1.306,0.711,1.124,1.298,
664.000,10.062,6.479,8.542,4.128,6.848,5.057,3.696,5.595,4.072,3.738,6.295,3.183,3.209,1.618,1.976,2.104,2.924725,2.883249,2.852,2.247,3.229,3.044,2.785,2.842,2.551,3.343,2.823,2.236,1.753,2.262,0.963,1.496,1.255,0.69,1.104,1.09,0.689,0.916,1.036,0.796,1.188,
665.000,11.824,10.186,9.287,5.903,3.512,6.77,3.648,3.307,3.411,3.933,6.552,2.734,2.68,2.064,2.077,2.038,2.773305,2.65001,2.629,2.807,3.18,2.487,2.525,3.005,3.014,2.227,3.066,1.883,2.036,1.831,1.311,1.368,1.024,1.075,1.409,0.958,1.322,0.813,1.047,0.866,1.152,
666.000,8.646,5.746,8.371,3.103,5.688,4.426,4.877,3.096,4.863,3.774,4.993,2.98,2.066,1.29,2.53,1.2,2.611061,2.821251,2.15,2.606,2.352,2.757,2.712,3.275,2.341,2.198,2.212,2.129,2.231,2.029,1.387,1.481,1.618,1.693,0.952,0.779,1.116,1.462,1.327,1.186,0.971,
667.000,6.484,5.805,6.305,5.93,2.748,3.397,3.027,3.577,4.176,4.424,7.636,3.574,2.44,2.174,3.464,2.273,3.07538,2.810324,2.81917,2.201,2.255,3.072,2.728,2.486,3.379,1.969,2.672,2.796,1.223,1.463,1.68,1.547,1.4,1.143,0.886,0.821,0.859,1.147,0.93,1.097,1.015,
668.000,9.747,8.145,7.497,4.794,6.181,3.877,4.313,4.241,3.813,3.641,8.56,2.904,2.658,1.629,2.385,2.076,2.776763,2.677572,2.495797,3.139,2.507,3.261,2.434,2.643,2.257,2.189,2.773,2.378,2.075,1.834,1.575,1.284,1.211,0.932,1.163,1.084,0.814,1.173,1.241,0.817,0.795,
669.000,17.018,6.024,11.205,1.927,4.422,4.828,4.902,3.823,4.845,4.24,7.31,2.913,3.087,2.629,1.937,1.859,3.105175,3.395479,2.889694,3.057,2.61,2.371,2.82,2.469,2.796,2.545,3.097,2.185,1.686,1.998,1.063,1.496,1.288,1.724,1.312,0.608,0.717,1.066,1.202,1.093,1.266,
670.000,12.042,5.83,5.138,3.226,6.244,3.293,4.258,5.627,3.003,4.867,7.538,2.736,1.89,2.46,1.802,1.772,2.724659,2.639854,3.571348,2.919,2.764,2.21,2.36,2.311,2.514,1.806,1.659,1.701,1.901,1.915,1.193,1.304,0.998,0.841,0.905,1.162,0.582,1.068,1.164,0.905,0.876,
671.000,6.878,5.688,9.201,4.407,2.828,7.613,6.106,4.916,4.987,1.85,7.825,3.646,3.415,2.148,1.308,2.539,2.975056,2.897116,2.814171,3.001,2.748,2.253,2.363,2.006,2.069,1.805,2.301,2.502,1.905,1.599,1.499,1.239,1.491,1.188,1.147,0.925,1.213,1.477,0.684,1.125,0.888,
672.000,3.31,6.065,6.629,5.824,6.206,4.135,4.083,4.771,3.323,5.328,7.795,4.586,3.316,1.537,3.017,2.849,2.578173,3.068425,2.449726,2.388,3.026,2.036,2.404,3.381,2.138,2.136,2.272,2.441,1.982,2.42,1.23,1.623,1.6,1.67,1.391,0.956,1.123,1.195,0.829,1.003,1.065,
673.000,6.43,11.763,6.835,4.842,6.786,5.414,5.489,3.498,3.744,5.581,4.83,6.188,2.222,3.062,1.807,1.528,2.176468,3.377191,3.080558,1.881,2.097,2.571,3.029,2.437,2.135,1.973,2.187,2.89,2.161,1.923,1.679,1.462,1.184,1.271,1.322,1.097,1.464,1.49,1.016,0.485,0.846,
674.000,15.81,10.032,8.04,8.157,3.364,6.75,2.984,4.509,2.822,3.849,6.397,4.758,3.219,2.416,1.626,2.12,2.038,2.94399,3.402503,2.368,2.242,2.105,2.205,2.207,2.532,2.245,2.429,1.581,1.807,2.025,1.842,1.864,1.226,1.718,1.58,1.099,0.99,0.96,1.118,1.034,0.947,
675.000,9.906,8.398,9.542,7.309,9.674,4.549,6.464,4.564,2.834,5.303,6.489,4.689,3.563,1.198,2.288,2.058,2.611,3.117053,3.565429,3.319,2.992,2.759,2.616,2.369,1.993,2.929,2.971,1.904,1.353,1.738,2.003,1.121,0.647,0.963,1.322,0.984,1.201,0.738,1.281,1.002,0.805,
676.000,10.102,10.74,6.154,4.525,3.338,4.302,3.768,5.129,5.286,3.016,5.76,5.96,2.671,1.596,1.994,1.861,1.835,3.042301,2.55201,2.402,2.158,2.251,2.687,2.533,1.878,2.247,2.03,2.184,2.071,1.277,1.787,1.552,1.748,1.241,1.075,1.234,0.786,0.923,1.265,0.895,0.893,
677.000,11.215,11.638,8.362,6.868,8.637,3.035,4.627,4.684,4.65,5.236,2.639,6.346,2.579,2.802,1.907,2.119,1.896,3.192062,2.511459,2.380837,2.578,2.148,2.43,1.886,1.955,1.751,1.978,1.579,1.638,0.923,0.806,1.04,1.183,1.17,1.01,1.137,1.14,0.882,1.042,0.873,0.575,
678.000,6.237,7.604,5.565,8.308,5.582,4.546,2.101,3.19,3.281,2.938,2.217,7.366,2.816,2.804,2.555,1.852,2.124,2.662641,3.166691,2.736318,3.158,2.294,2.387,1.986,2.721,1.379,2.604,2.117,2.339,1.511,1.34,1.192,0.971,1.222,0.878,0.918,0.968,0.597,1.033,1.599,0.426,
679.000,10.409,6.642,5.54,7.67,7.013,6.321,4.534,4.529,4.925,5.226,2.891,7.227,3.781,2.275,2.526,2.331,3.382,3.154187,2.36382,3.731011,2.922,2.317,2.116,2.054,1.518,2.223,2.095,1.461,1.423,0.887,1.517,1.414,1.136,1.508,1.302,1.008,1.009,1.387,0.658,1.05,1.298,
680.000,11.514,10.991,8.609,6.769,4.929,4.129,4.024,4.752,4.204,3.493,3.531,6.566,2.959,2.611,3.037,3.006,1.192,3.221103,3.277703,3.184531,3.071,1.874,1.753,2.305,2.212,1.709,1.669,1.645,1.328,1.767,1.341,1.294,1.614,1.453,1.177,1.113,1.029,0.963,0.727,0.976,1.193,
681.000,12.924,8.596,8.109,8.311,4.973,4.49,3.275,5.011,3.694,3.355,3.309,7.242,2.774,3.728,1.911,2.474,1.533,3.077944,2.794695,2.891328,2.136,2.525,2.251,2.77,2.124,2.325,2.827,1.714,1.958,1.695,1.612,1.383,1.152,1.224,1.269,0.983,1.407,1.557,0.762,1.73,1.174,
682.000,13.368,10.792,6.772,8.676,6.811,5.787,4.105,6.117,3.019,4.769,2.723,8.436,4.116,2.087,3.159,1.478,2.9,2.792576,2.762556,3.341211,2.405,1.983,2.311,1.504,2.766,2.554,1.115,2.53,1.791,1.717,1.117,1.427,1.363,1.216,1.41,1.192,1.394,0.904,1.693,1.287,1.465,
683.000,9.634,4.309,8.597,5.979,5.646,4.587,2.99,4.502,3.619,6.597,3.724,6.713,3.214,1.64,1.553,2.354,2.265,2.400358,2.721549,3.202961,1.936,2.219,3.126,2.549,2.164,1.789,1.736,1.776,1.539,1.89,1.766,1.332,1.406,1.21,1.511,1.22,0.885,0.95,0.765,0.933,0.878,
684.000,13.042,10.201,10.774,7.072,7.14,6.443,3.375,4.265,3.917,5.311,3.819,7.305,4.218,2.751,2.535,1.339,1.776,2.537,3.013963,3.188931,2.257,1.596,2.262,1.4,1.642,2.568,2.524,2.735,1.854,1.663,1.062,1.041,1.173,1.498,1.561,0.947,1.375,0.9,1.439,1.155,0.981,
685.000,7.624,9.039,6.959,6.718,5.775,6.755,5.47,5.498,6.973,5.84,4.923,5.721,3.523,2.314,1.58,2.004,1.873,1.991,3.438868,3.799387,2.001,1.725,2.559,1.796,2.399,2.704,1.977,1.986,1.609,1.136,1.267,1.233,0.639,1.219,0.944,0.902,1.377,1.42,1.147,1.419,0.971,
686.000,11.071,13.533,2.536,4.872,4.089,4.069,2.829,5.551,4.753,4.44,4.885,6.813,5.339,1.406,1.373,2.152,1.617,2.429,2.782742,3.228125,2.974,2.471,1.821,3.039,2.046,1.559,2.463,1.742,2.006,1.543,1.247,1.506,1.64,1.359,1.212,0.778,1.09,0.952,0.619,0.779,1.403,
687.000,7.891,9.108,6.836,5.987,3.922,6.509,5.068,5.295,7.335,4.586,3.683,4.542,4.52,3.024,2.452,2.548,2.236,1.534,3.449466,3.097705,2.645979,1.845,1.862,2.427,2.04,2.135,2.815,1.53,2.271,1.546,1.708,0.912,1.301,1.728,1.56,1.369,0.983,1.334,1.513,0.99,1.125,
688.000,8.19,7.812,8.133,10.566,3.712,5.523,5.598,4.455,5.003,4.801,4.099,5.475,4.295,2.045,2.209,2.694,2.282,2.644,2.924595,2.435386,2.687078,2.136,2.035,1.328,2.193,2.037,2.113,2.827,1.856,1.467,0.987,1.468,1.486,0.97,0.893,1.108,1.016,1.301,1.361,1.011,0.901,
689.000,12.969,5.929,12.112,4.912,6.819,2.564,3.789,3.392,4.861,4.935,3.334,3.495,5.876,2.126,1.934,2.238,1.953,1.805,2.831263,3.252099,2.18745,2.235,2.16,2.867,2.393,2.357,1.203,2.002,1.261,1.979,1.618,1.474,1.26,1.416,1.463,1.246,1.372,0.736,1.022,1.374,1.661,
690.000,9.983,10.736,7.443,6.548,9.445,5.264,4.637,4.783,2.893,4.266,5.196,4.365,5.011,3.216,3.445,2.591,1.646,2.604,2.269773,4.223085,3.454274,1.734,1.567,2.261,1.689,2.234,1.654,1.617,2.106,1.611,1.239,1.729,1.323,1.201,1.003,1.247,1.291,1.052,1.295,1.009,0.801,
691.000,10.435,15.654,4.279,6.791,6.926,5.328,7.567,7.072,6.1,2.411,2.808,2.426,7.907,2.288,1.779,2.443,1.946,2.03,2.483215,3.304132,3.081165,2.191,2.755,1.281,1.865,2.167,2.247,2.598,1.722,1.796,1.591,1.445,1.751,1.227,0.993,1.55,1.249,1.052,1.141,1.119,1.297,
692.000,7.455,13.33,8.989,4.524,5.541,7.292,4.395,4.548,3.998,4.709,4.648,3.574,5.604,4.062,2.01,2.235,2.21,2.372,2.398079,3.930834,3.223044,2.545,2.321,2.139,2.059,2.109,1.77,1.904,2.371,1.833,1.766,1.726,1.268,1.212,1.738,1.455,1.357,1.033,1.515,1.152,0.941,
693.000,11.011,9.765,7.353,3.104,8.902,7.686,4.55,5.209,5.157,3.517,2.301,2.878,5.715,2.377,3.149,1.113,2.542,2.852,2.413377,4.010529,2.595506,1.776,2.078,2.624,1.866,2.317,3.003,2.162,2.027,1.667,1.839,0.998,1.981,0.911,1.097,1.109,0.605,0.959,1.424,1.068,0.797,
694.000,15.133,11.526,8.027,8.588,6.465,5.577,6.933,4.956,4.095,2.9,1.895,2.526,5.736,3.011,2.558,1.83,1.835,2.932,2.277,3.160313,3.536577,2.745,1.967,2.117,2.189,2.451,2.454,2.148,2.077,2.131,1.491,0.938,1.132,1.6,1.103,1.196,1.318,1.172,1.093,0.586,1.144,
695.000,10.086,5.628,6.34,7.568,4.527,4.899,5.505,5.414,4.363,4.675,3.959,3.265,6.327,3.078,3.291,2.35,2.717,2.132,1.608,3.580152,3.271767,2.033,2.869,1.763,1.512,2.106,1.586,1.963,1.943,1.553,1.967,0.99,0.976,1.68,1.472,1.223,1.285,1.329,1.211,1.135,1.457,
696.000,11.354,16.23,5.679,8.012,4.482,2.546,5.38,4.04,4.675,5.169,4.261,3.966,6.627,5.944,1.764,2.753,2.568,2.062,2.903,3.292232,2.942052,3.19,2.721,1.891,2.088,2.147,1.983,2.134,1.76,0.946,1.617,1.438,1.407,1.516,0.842,0.804,1.478,1.082,0.837,1.47,1.247,
697.000,10.028,9.256,9.218,5.868,6.908,3.771,4.86,5.664,4.999,3.881,3.231,4.885,5.643,4.468,2.88,2.42,2.732,2.604,2.696,2.691902,3.369969,3.467577,1.717,2.244,2.362,1.332,1.052,2.266,1.584,1.889,1.807,1.56,1.688,1.358,1.397,1.358,1.253,1.553,0.859,1.319,1.144,
698.000,7.636,12.655,12.79,4.931,5.057,8.708,4.1,4.503,7.462,5.328,3.444,3.324,3.797,3.498,2.456,1.452,3.032,2.218,2.201,3.038326,3.443262,3.179258,2.362,1.903,1.972,1.187,2.376,1.803,1.951,2.417,1.436,1.846,1.204,1.653,1.031,1.202,1.32,1.517,1.22,1.122,1.326,
699.000,13.284,14.756,7.363,4.08,6.514,3.916,6.763,6.292,5.954,5.702,3.854,2.828,5.944,4.357,2.072,2.652,2.061,2.754,2.943,3.090435,3.416268,2.683373,2.458,2.977,0.869,1.91,2.159,2.178,1.771,1.989,0.629,1.918,1.521,1.404,1.321,1.721,1.093,1.62,0.854,1.188,1.565,
700.000,14.653,7.246,7.459,7.809,8.217,4.792,6.442,3.969,1.505,6.518,3.026,4.05,4.961,4.061,2.136,3.441,2.671,2.551,2.061,2.921377,3.865535,2.745886,1.971,1.813,2.587,1.441,1.66,1.04,2.448,1.771,1.243,0.993,1.757,0.895,1.408,1.333,1.622,0.789,1.434,1.07,1.066,
701.000,14.842,13.446,5.275,4.037,7.723,3.788,7.132,6.534,3.293,4.006,3.855,1.957,5.394,4.925,2.917,2.049,1.81,2.489,2.59,2.883306,3.65593,2.364381,2.573,2.186,2.364,2.613,2.436,2.144,0.963,1.672,1.717,1.516,1.316,1.103,1.315,1.35,1.594,1.06,1.162,1.252,2.09,
702.000,8.716,7.398,9.72,5.846,4.341,6.32,7.798,4.461,3.206,5.969,5.227,5.204,4.466,5.395,2.11,3.227,1.65,3.029,2.217,2.487392,3.10987,2.779044,2.087,3.026,2.419,2.284,1.385,1.8,2.468,1.617,1.047,1.651,1.333,2.083,0.897,1.608,1.64,1.297,1.245,1.642,1.085,
703.000,12.437,7.036,14.841,11.352,7.958,3.552,6.809,5.706,5.17,5.716,4.01,3.444,3.169,5.847,2.228,2.068,3.41,4.4,2.928,2.138813,2.687791,3.177806,1.915,1.91,2.078,2.703,2.669,2.34,1.605,1.453,1.889,2.132,1.54,1.286,1.219,1.143,1.446,0.894,1.386,1.594,1.299,
704.000,12.447,10.118,8.358,5.826,4.739,6.947,4.9,5.19,6.11,4.293,5.364,2.869,3.031,6.37,2.229,1.829,2.822,2.395,2.267,2.88,4.227771,3.077136,1.881,2.606,2.919,2.308,1.97,1.767,1.462,1.376,1.126,1.133,1.127,1.131,0.997,1.386,1.136,0.761,1.332,1.045,1.574,
705.000,5.92,11.133,4.787,6.912,6.318,5.848,6.616,5.404,5.443,4.368,4.802,4.202,3.413,4.429,3.172,2.441,1.471,3.78,2.732,1.844,3.473856,3.361755,2.556,2.264,1.865,1.665,1.939,1.675,1.784,1.45,1.342,1.468,1.965,1.446,1.404,0.958,1.862,1.179,1.298,0.716,1.163,
706.000,11.116,10.835,6.732,8.382,7.849,6.88,4.739,4.306,5.517,4.293,2.687,3.761,2.009,5.554,3.104,2.105,1.749,1.717,1.925,2.525,3.659018,2.345551,2.012,2.643,2.411,2.404,1.478,1.453,1.995,1.804,1.233,1.324,1.732,0.553,1.146,1.738,1.226,1.674,0.923,1.35,0.631,
707.000,11.199,16.044,10.342,9.385,6.43,6.202,3.452,4.388,6.89,5.096,3.738,3.01,2.721,5.933,3.425,2.044,3.243,2.525,2.647,2.165,4.314363,2.671916,2.288491,2.104,1.758,1.689,2.562,2.321,1.347,1.562,1.55,1.683,1.544,1.042,1.337,0.779,1.507,1.012,1.501,1.609,1.301,
708.000,19.861,8.955,11.5,11.408,7.405,2.085,5.531,5.973,4.73,4.77,3.272,2.285,2.487,6.294,3.388,2.815,1.525,3.017,3.805,2.254,3.147868,3.088907,2.316892,2.868,2.425,2.045,1.809,1.368,2.04,1.366,1.405,1.643,1.352,1.527,1.154,1.427,1.65,1.488,1.505,1.559,1.176,
709.000,13.517,16.067,8.307,7.094,7.787,6.176,6.685,4.775,4.156,5.7,1.939,3.946,3.817,5.172,4.159,1.239,1.969,3.62,2.263,2.288,3.071708,2.948946,2.71861,2.34,2.276,1.947,1.918,1.83,1.875,1.672,2.372,1.729,1.521,1.649,1.345,1.188,1.243,1.934,1.543,1.666,1.339,
710.000,12.519,8.163,5.165,4.589,6.116,5.304,5.133,5.181,4.157,4.279,2.79,4.137,3.563,5.438,2.657,2.092,2.503,2.543,2.564,3.551,3.290694,3.184239,2.472226,2.714,1.616,1.75,1.207,2.444,2.076,1.562,1.816,0.602,1.557,1.092,1.578,1.272,1.317,1.665,1.187,1.96,1.118,
711.000,10.505,9.493,6.064,8.977,3.817,8.793,8.326,7.164,5.312,3.517,2.93,4.719,2.823,5.585,3.932,1.898,2.489,1.833,3.27,3.066,3.048251,2.597795,2.189808,2.649,2.661,2.19,1.886,2.51,1.781,1.751,1.839,1.281,1.068,1.496,1.083,1.409,1.119,1.421,1.748,1.279,1.901,
712.000,16.643,10.422,5.957,9.868,4.601,3.418,5.224,5.473,7.488,3.531,4.159,3.414,1.61,6.616,4.932,1.663,3.271,2.763,2.307,2.756,2.853756,2.227937,1.789624,2.854,1.612,1.233,2.315,2.409,2.097,1.939,1.288,1.782,1.659,1.236,1.108,1.479,1.208,1.792,1.461,1.343,0.777,
713.000,6.375,11.316,14.847,6.32,8.409,6.003,5.122,6.626,4.035,4.349,5.582,3.035,3.708,4.273,5.754,2.96,3.466,2.918,3.498,1.825,2.111331,1.59404,2.674921,2.556,1.982,1.947,2.108,2.091,1.67,1.748,1.908,1.604,1.632,1.23,1.105,1.689,1.545,1.076,1.289,1,1.306,
714.000,7.626,7.773,8.96,5.833,4.111,7.36,6.243,3.983,5.329,3.869,3.503,2.926,2.869,3.359,5.048,3.658,2.882,2.445,2.236,2.298,2.286,2.70068,1.78988,2.373,2.629,2.039,2.323,2.986,1.735,1.868,2.151,1.539,1.868,1.981,1.267,1.157,0.899,1.365,0.95,1.013,0.749,
715.000,12.197,12.929,5.896,5.609,9.211,5.841,7.061,4.721,6.219,5.761,1.989,4.348,4.963,4.382,5.58,2.968,4.026,2.849,3.004,2.184,2.576,2.096669,1.47946,2.504,1.595,2.895,2.964,1.861,1.761,1.522,1.491,1.652,1.368,1.371,1.272,1.542,0.736,1.86,1.122,0.613,1.653,
716.000,11.761,10.657,6.989,5.007,6.734,6.276,6.74,4.855,7.403,3.436,4.594,2.737,4.203,3.648,4.724,4.761,3.18,2.83,3.706,1.265,2.091,1.769806,1.962056,2.08,1.949,1.283,2.282,1.59,1.175,2.193,1.745,1.693,2.007,1.671,1.604,1.59,1.618,1.369,1.961,1.246,0.85,
717.000,9.959,13.882,10.661,10.479,6.824,8.625,7.063,8.155,6.641,6.341,5.096,4.815,7.26,2.755,4.665,2.475,3.137,2.754,1.351,1.431,2.926,2.360687,1.555986,2.353734,2.068,1.511,1.867,1.918,2.42,1.133,1.218,1.245,1.313,1.134,1.303,0.776,0.977,1.154,1.436,1.324,1.187,
718.000,11.013,10.913,10.453,9.988,7.736,5.935,7.089,4.856,6.467,7.059,4.397,3.691,4.204,4.967,5.585,3.151,3.632,2.419,3.347,3.243,3.777,1.870925,2.000395,1.989425,2.123,2.358,1.869,2.202,1.123,1.718,1.301,1.318,1.492,0.557,1.556,1.45,1.385,1.002,1.735,1.902,1.008,
719.000,19.907,6.749,5.168,12.042,4.249,5.487,7.521,5.744,5.845,5.831,3.952,3.84,4.451,2.305,5.788,2.886,2.315,3.009,3.562,2.884,2.466,1.963745,1.335383,1.585801,3.092,2.66,2.116,1.438,2.147,1.797,2.125,1.273,1.317,1.083,1.846,1.419,1.282,1.799,1.423,1.127,1.411,
720.000,17.03,13.373,7.841,9.56,6.864,3.221,4.011,8.443,5.179,4.155,4.398,5.117,4.164,3.478,5.617,3.249,4.577,3.14,2.205,3.31,2.865,2.319732,1.517784,1.460771,1.614,2.073,2.703,1.805,1.773,1.774,1.297,1.633,1.378,1.696,1.411,1.589,1.32,1.344,1.304,1.176,1.606,
721.000,14.698,6.056,8.863,2.681,8.108,3.56,3.184,5.366,4.363,4.703,4.835,3.553,3.652,3.657,7.856,2.265,3.396,4.249,2.465,3.684,1.632,2.157243,1.671024,2.132369,2.687,2.093,2.403,2.495,1.766,2.358,1.769,1.746,1.464,1.874,1.306,1.893,1.343,1.319,1.451,0.939,1.19,
722.000,9.9,17.349,6.274,9.722,6.771,7.559,6.798,5.474,7.176,4.68,3.104,4.131,3.912,4.67,4.955,3.159,3.396,3.261,3.873,3.892,2.372,2.464448,1.503759,2.33485,1.791,1.552,1.149,1.198,1.124,1.871,1.624,0.41,0.804,1.482,1.207,1.559,1.615,0.997,1.587,1.745,1.507,
723.000,16.499,7.746,5.451,5.592,8.351,3.861,9.666,4.733,8.424,4.767,3.852,3.58,3.691,2.979,4.76,6.123,2.348,3.775,2.745,2.698,3.15,2.172136,0.9633584,1.947777,2.262,1.601,1.935,2.879,2.583,1.701,1.389,1.805,1.812,1.472,1.795,1.706,1.138,1.31,1.484,1.572,1.323,
724.000,12.757,7.997,7.665,8.079,4.343,9.013,6.203,6.542,6.934,5.167,4.803,4.267,3.977,3.828,5.027,6.022,3.021,4.043,3.11,1.555,2.259,2.599,2.040466,2.053523,2.108,1.984,2.137,1.466,1.987,2.032,1.381,1.805,1.024,1.356,1.324,1.754,1.332,1.436,1.569,1.481,1.59,
725.000,5.358,7.56,7.059,6.655,8.109,4.95,4.447,5.987,3.801,4.78,2.495,5.508,2.492,3.072,5.043,5.558,3.187,3.253,2.418,3.599,2.151,2.442,1.492902,1.803006,2.291,1.63,1.439,1.138,1.58,1.437,2.232,1.767,1.583,1.202,1.319,1.393,1.261,1.247,1.614,1.599,1.7,
726.000,8.677,9.464,8.266,5.836,9.133,5.945,5.062,6.437,4.407,5.008,5.717,3.936,3.231,3.997,3.872,5.526,3.656,2.004,3.511,2.183,2,2.155,1.320688,2.247501,2.653,3.082,2.471,1.351,1.879,1.678,1.502,1.288,0.934,1.43,1.734,1.192,1.889,1.479,2.083,2.044,0.958,
727.000,13.405,12.33,10.873,7.259,8.963,7.155,3.181,5.216,5.142,5.553,4.692,3.403,3.229,3.102,4.735,3.175,3.708,3.18,3.345,3.521,2.93,3.036,1.802949,2.114272,2.857085,2.344,2.203,2.093,2.405,2.161,2.227,1.324,1.143,2.253,1.918,1.324,1.46,1.299,1.211,1.173,1.653,
728.000,10.507,15.875,7.484,10.471,4.684,5.685,4.485,5.076,5.882,5.113,4.028,4.79,3.886,4.852,3.713,7.636,3.698,2.744,3.026,4.026,3.09,3.584,0.934309,2.190707,3.099259,3.181,1.428,2.661,1.873,1.263,2.401,0.877,0.969,2.614,1.208,1.894,2.013,1.715,1.983,1.188,1.395,
729.000,12.282,12.403,9.728,11.079,4.204,7.596,6.91,1.708,3.502,5.091,2.56,4.411,4.123,4.491,5.295,5.234,5.688,3.661,3.668,3.727,3.726,2.082,2.043624,2.297791,3.465374,3.25,2.155,1.284,2.575,1.824,1.821,1.675,1.569,1.726,1.776,2.051,1.255,1.496,1.589,1.769,1.254,
730.000,13.848,7.527,6.246,11.182,9.872,8.304,7.279,6.032,4.17,5.748,4.77,4.557,2.904,4.049,3.924,6.101,3.491,3.852,3.067,3.873,2.811,2.083,2.002366,2.332087,3.917913,2.554,2.126,2.178,1.955,2.066,1.683,2.232,1.657,1.754,1.672,1.715,2.114,2.094,1.364,1.991,1.643,
731.000,12.651,12.96,5.251,8.115,8.657,7.223,6.293,8.619,3.659,6.158,5.701,5.409,4.593,4.183,3.892,6.61,4.666,2.768,2.378,3.206,3.246,4.072,1.639238,2.381371,3.178776,2.02,1.879,1.151,2.015,2.206,1.183,1.958,1.212,1.598,1.127,1.668,1.974,1.225,2.124,1.547,0.939,
732.000,9.746,14.589,8.066,7.967,4.377,7.479,7.04,7.102,4.457,5.573,3.97,2.89,1.866,4.439,4.79,5.627,3.413,3.754,3.35,4.097,3.051,2.144,1.86326,2.380451,3.932585,3.392,2.552,1.324,2.148,1.601,0.916,1.724,1.956,1.447,1.717,1.58,1.487,1.624,1.243,1.471,1.302,
733.000,14.251,8.835,19.961,2.811,8.885,4.357,8.404,6.254,4.594,6.306,3.928,4.665,3.99,4.214,4.881,6.468,4.223,4.611,3.957,3.103,1.914,3.413,2.076308,2.835509,4.64618,2.738,2.15,2.304,2.434,2.212,3.609,1.827,1.32,1.658,1.635,1.877,1.719,1.447,1.683,1.742,1.415,
734.000,9.207,15.907,12.617,14.42,10.747,8.197,5.87,7.78,6.109,1.633,7.393,2.687,4.75,4.721,5.207,5.106,5.884,4.7,2.717,3.811,2.169,3.502,1.948,2.79489,3.732569,1.44,2.106,1.107,1.767,1.774,2.173,1.358,1.986,2.002,1.781,1.346,1.964,0.963,1.403,1.732,1.403,
735.000,13.413,11.134,7.344,4.552,3.797,4.233,3.999,5.907,6.837,2.62,6.349,3.496,3.625,4.585,2.527,7.261,4.766,2.867,5.077,4.133,3.331,3.267,2.21,2.700112,3.828701,1.902,1.896,1.584,2.345,1.42,0.938,1.18,1.769,1.923,1.788,1.529,1.877,1.422,1.559,1.158,1.468,
736.000,10.153,18.363,11.209,8.675,8.979,7.728,7.758,5.522,5.314,5.721,3.685,3.358,3.821,3.814,3.816,5.785,5.321,2.979,3.655,2.994,4.071,3.184,2.967,3.084907,3.972151,1.822,2.893,2.166,2.445,2.296,1.602,1.712,2.228,1.439,1.279,2.02,1.589,1.588,1.864,1.42,1.057,
737.000,14.26,12.539,10.719,7.927,4.415,10.585,9.423,4.857,8.271,4.99,4.929,6.355,4.357,3.63,6.109,3.33,5.615,5.115,4.426,2.627,4.535,2.643,2.419,2.86639,5.42315,-0.5067276,2.038,2.416,2.462,2.364,1.912,1.99,1.316,1.366,2.854,1.464,1.211,2.277,1.91,1.085,1.344,
738.000,10.427,10.482,5.972,7.43,6.957,5.785,2.801,7.515,4.597,6.226,1.711,3.92,2.592,6.617,4.477,5.461,5.14,4.995,3.888,3.229,3.465,3.214,2.891,2.87897,4.675996,0.1167809,2.356,2.375,1.884,1.624,1.447,1.421,2.371,1.613,1.58,1.446,1.433,1.145,0.776,1.285,1.583,
739.000,8.565,8.408,6.261,13.023,7.989,5.745,6.259,5.936,3.505,3.993,4.416,4.298,7.929,4.911,3.701,3.839,5.204,4.236,3.833,4.11,3.343,3.956,3.127,3.030567,4.707528,12.44511,2.633,1.845,1.868,1.527,1.084,1.6,1.545,1.666,1.967,1.948,1.211,1.796,1.857,1.571,1.571,
740.000,20.781,11.951,12.65,9.283,11.312,8.5,6.693,6.085,4.426,4.75,3.923,5.019,2.975,4.515,4.463,6.468,5.093,3.942,3.954,4.051,4.255,3.701,3.324,2.789292,4.596943,15.00998,2.784,1.301,2.221,2.133,1.493,1.815,2.065,1.066,1.979,2.028,1.723,1.66,1.376,1.571,1.823,
741.000,23.829,14.042,13.029,8.034,6.95,6.777,7.437,4.586,5.116,6.278,7.554,3.506,4.697,4.939,3.854,4.809,6.382,4.965,4.007,2.839,4.044,3.041,3.506,2.867721,4.318047,13.44293,1.578,2.572,2.278,1.529,1.986,2.103,1.894,1.576,2.004,1.444,1.714,1.425,1.307,1.811,1.753,
742.000,21.786,20.434,17.539,12.007,8.336,11.428,4.055,6.802,2.379,6.099,5.276,5.764,5.651,2.727,5.009,5.826,7.118,4.623,4.197,2.382,3.496,3.219,2.825,2.710026,4.060157,11.07376,2.088,1.48,2.621,2.716,1.181,1.631,1.345,2.045,1.414,2.158,1.365,1.405,1.415,1.902,1.612,
743.000,20.732,11.783,12.296,4.41,11.155,10.101,7.23,7.454,4.791,6.066,4.236,3.772,6.531,3.148,3.387,3.926,6.439,6.67,5.622,5.358,3.452,2.918,3.453,2.971432,4.34293,12.9345,2.588,2.458,2.65,2.18,2.377,1.38,1.819,2.26,1.398,1.591,1.808,1.738,1.869,1.842,2.059,
744.000,17.828,8.347,15.523,10.586,3.53,5.281,6.262,9.542,6.583,8.168,3.337,4.918,6.163,5.25,4.294,4.22,8.369,3.294,4.331,3.486,3.238,3.32,2.91,2.732,3.997467,12.61543,2.583,3.01,1.564,2.057,1.918,2.066,1.322,1.972,1.393,2.258,1.623,1.664,1.63,2.115,1.87,
745.000,36.775,11.413,19.367,8.241,12.913,6.065,8.754,6.956,7.977,4.412,3.171,5.436,3.651,3.248,3.816,5.685,5.78,4.096,3.538,4.771,3.993,3.413,3.012,2.34,4.366444,20.2675,2.3,2.815,2.275,1.317,2.493,2.033,1.888,1.342,1.602,1.649,1.408,1.814,1.931,1.156,1.597,
746.000,27.073,12.093,7.43,10.192,9.173,7.299,7.31,3.797,4.685,7.691,6.374,3.436,3.746,3.958,5.806,4.648,5.823,6.812,3.195,3.464,5.945,4.616,4.545,2.827,3.613251,18.90775,2.515,2.79,2.436,2.451,2.984,2.341,1.744,1.98,1.245,2.035,0.981,1.24,1.665,1.85,1.948,
747.000,29.571,14.745,15.467,10.128,8.785,12.917,2.577,6.17,7.975,4.198,3.324,4.095,5.072,5.869,5.168,6.336,8.574,4.764,5.819,4.822,3.74,3.759,3.343,3.002,2.935255,23.68198,2.67776,1.774,2.007,2.112,2.527,2.321,2.502,1.354,2.102,1.616,1.663,1.508,1.678,1.192,2.192,
748.000,29.607,10.235,14.812,4.081,6.03,11.503,5.706,7.347,7.538,4.939,3.146,3.93,5.78,4.351,6.148,4.456,7.77,4.803,3.971,3.256,3.265,3.975,4.331,4.063,3.101665,19.84267,2.13032,1.726,2.257,1.443,1.626,2.223,2.194,1.996,1.313,2.694,2.111,1.848,1.246,1.19,1.816,
749.000,35.318,7.983,6.237,11.505,6.821,9.7,4.773,4.996,4.878,7.224,5.914,4.312,5.251,4.488,4.966,2.951,4.783,5.886,4.448,4.828,3.812,3.46,2.362,2.165,1.445968,19.40144,1.702282,1.843,2.215,2.398,2.594,1.971,1.715,0.698,2.13,2.013,1.681,2.176,1.205,1.708,1.723,
750.000,35.147,6.807,20.033,7.305,11.016,9.56,2.944,2.815,7.137,4.595,5.681,5.077,5.042,5.011,4.681,4.671,6.343,5.374,5.692,3.921,2.382,5.251,3.577,3.082,2.994496,14.66968,1.661276,1.160389,1.195819,1.175282,1.50862,1.035307,1.055101,0.8160734,0.9904857,1.496003,0.8883268,1.18258,0.7719028,0.613719,1.655639,
