,250 scatter peaks interpolated,255 scatter peaks interpolated,260 scatter peaks interpolated,265 scatter peaks interpolated,270 scatter peaks interpolated,275 scatter peaks interpolated,280 scatter peaks interpolated,285 scatter peaks interpolated,290 scatter peaks interpolated,295 scatter peaks interpolated,300 scatter peaks interpolated,305 scatter peaks interpolated,310 scatter peaks interpolated,315 scatter peaks interpolated,320 scatter peaks interpolated,325 scatter peaks interpolated,330 scatter peaks interpolated,335 scatter peaks interpolated,340 scatter peaks interpolated,345 scatter peaks interpolated,350 scatter peaks interpolated,355 scatter peaks interpolated,360 scatter peaks interpolated,365 scatter peaks interpolated,370 scatter peaks interpolated,375 scatter peaks interpolated,380 scatter peaks interpolated,385 scatter peaks interpolated,390 scatter peaks interpolated,395 scatter peaks interpolated,400 scatter peaks interpolated,405 scatter peaks interpolated,410 scatter peaks interpolated,415 scatter peaks interpolated,420 scatter peaks interpolated,425 scatter peaks interpolated,430 scatter peaks interpolated,435 scatter peaks interpolated,440 scatter peaks interpolated,445 scatter peaks interpolated,450 scatter peaks interpolated,
Wavelength [nm],Absorbance,Absorbance,Absorbance,Absorbance,Absorbance,Absorbance,Absorbance,Absorbance,Absorbance,Absorbance,Absorbance,Absorbance,Absorbance,Absorbance,Absorbance,Absorbance,Absorbance,Absorbance,Absorbance,Absorbance,Absorbance,Absorbance,Absorbance,Absorbance,Absorbance,Absorbance,Absorbance,Absorbance,Absorbance,Absorbance,Absorbance,Absorbance,Absorbance,Absorbance,Absorbance,Absorbance,Absorbance,Absorbance,Absorbance,Absorbance,Absorbance,
251.000,0.5719387,-1.019105,1.183962,6.961,7.21,7.024,1.701,3.841,5.479,7.174,4.681,4.406,4.687,3.194,2.135,2.371,3.129,2.884,2.557,2.942,1.819,2.605,1.905,3.857,1.871,3.066,2.17,2.143,2.471,2.002,1.888,1.744,3.332,2.152,2.474,2.133,2.03,1.743,2.568,2.123,2.263,
252.000,0.1075315,0.1323612,0.2907138,4.755932,9.583,10.438,9.952,4.458,3.767,7.373,3.606,1.979,3.834,4.691,2.854,3.02,1.04,3.06,1.453,1.792,2.432,3.006,1.964,2.741,2.938,2.497,3.553,2.733,2.594,1.833,1.519,1.855,1.466,1.326,1.449,1.961,1.954,1.616,1.927,1.432,2.421,
253.000,-2.154618,0.2053416,1.951158,7.745361,11.414,6.669,3.929,6.795,5.55,5.764,3.381,1.892,2.742,3.875,1.941,1.89,2.376,1.323,2.994,2.748,3.354,2.71,1.732,2.284,4.117,2.641,2.22,1.965,1.524,2.423,2.743,2.557,1.85,1.622,2,2.359,1.543,1.946,1.994,1.562,1.933,
254.000,-0.2353009,-0.5292076,3.050043,6.706052,10.191,2.785,5.696,6.295,3.678,2.063,2.224,2.29,0.673,2.601,3.555,3.387,2.536,2.404,2.134,3.388,2.27,2.346,2.702,3.366,2.059,2.084,1.69,1.856,1.855,2.042,1.954,1.586,2.371,2.308,1.343,1.346,2.515,1.846,1.993,1.928,1.57,
255.000,1.624317,-0.5224662,0.7357838,5.942143,4.97,1.775,3.544,4.371,2.842,4.239,3.744,2.244,1.644,2.417,3.372,2.716,3.435,1.985,2.102,2.001,1.817,2.18,3.181,2.334,2.678,1.624,2.106,2.428,2.308,0.821,1.855,2.261,1.91,1.79,1.716,2.39,2.376,1.272,1.237,1.432,1.05,
256.000,3.321555,-0.6943471,3.359663,11.43306,6.275,4.928,5.184,2.514,4.39,2.967,2.417,2.388,1.568,3.063,1.643,4.026,2.329,2.61,1.53,2.509,2.199,2.301,2.815,1.491,1.604,3.045,1.59,1.88,1.877,1.767,1.945,1.931,2.036,1.176,2.089,0.961,1.602,2.412,1.973,1.105,1.185,
257.000,3.268245,-0.4651916,2.432269,9.208051,5.973867,2.245,2.048,2.647,5.369,2.523,2.986,4.01,3.605,1.629,1.788,2.454,1.702,2.111,3.063,2.963,1.963,0.898,1.881,2.497,2.059,1.485,1.63,1.707,2.313,1.721,1.752,1.194,1.238,1.348,0.714,2.197,1.827,1.349,1.584,1.054,1.117,
258.000,3.589435,-0.9764801,4.206145,9.724136,6.420323,4.092,3.606,3.806,3.527,4.353,2.228,2.083,1.919,0.812,3.49,2.267,2.551,1.96,1.483,2.293,2.361,1.28,1.913,2.048,1.425,2.188,1.128,2.187,1.533,1.456,1.557,1.74,1.324,0.868,1.205,1.396,1.743,1.16,1.137,1,0.963,
259.000,2.771768,-0.9083947,4.403868,7.233887,3.401497,6.298,4.344,2.725,5.208,3.694,3.673,2.987,2.067,3.913,0.961,2.17,1.523,3.297,2.531,1.357,1.782,2.913,1.395,3.169,2.53,1.292,1.383,2.37,1.364,1.69,1.424,1.526,1.309,1.143,1.14,1.826,1.259,1.539,1.838,0.937,1.289,
260.000,7.713999,-0.1362511,4.04227,10.04648,4.877181,3.942,7.398,3.469,3.443,2.643,1.96,1.522,1.912,1.435,2.775,2.272,1.82,1.312,2.642,1.806,2.133,2.131,1.024,1.599,1.513,2.031,2.215,1.049,1.522,1.673,2.156,1.753,1.85,1.442,1.751,1.734,1.742,1.368,1.388,1.026,1.01,
261.000,5.328399,0.6465976,5.427872,9.825031,3.0834,3.539,3.882,5.002,3.791,3.041,1.859,3.292,2.635,2.48,1.307,1.782,2.202,1.267,2.317,2.023,2.071,1.746,1.838,1.722,1.961,1.526,1.999,1.686,1.229,1.439,1.823,0.976,1.259,0.679,1.27,1.207,1.378,1.47,1.649,0.871,1.396,
262.000,7.960626,-0.1750206,6.780965,8.278886,1.930599,4.680405,5.81,2.515,2.248,2.595,3.259,1.746,2.088,1.782,1.247,1.865,1.58,0.879,2.413,1.731,2.413,2.565,1.653,1.099,1.653,2.083,2.122,1.172,0.953,1.211,0.86,1.185,1.004,1.424,1.367,1.269,1.472,1.104,1.267,1.372,0.88,
263.000,12.80827,0.8338495,6.05719,11.97103,0.7993263,5.406272,1.983,3.761,3.462,2.775,1.429,2.915,1.595,2.105,2.434,1.925,1.499,1.41,1.838,1.383,1.953,1.655,1.861,2.492,1.282,2.046,0.92,0.716,1.154,1.552,1.322,1.342,1.254,1.43,1.291,1.418,0.811,0.997,1.133,0.946,0.895,
264.000,11.29,2.88836,7.989522,7.976386,0.8725938,5.118887,5.327,1.338,2.668,1.002,2.732,1.885,1.757,1.461,1.297,0.864,1.362,1.281,1.549,1.31,0.986,1.054,2.612,1.466,1.668,1.79,1.169,1.44,1.767,1.182,1.51,1.18,0.884,0.812,1.234,2.027,1.002,1.242,1.427,1.254,0.73,
265.000,11.031,2.686941,8.175731,14.84442,4.09216,5.22962,3.746,4.007,4.12,3.08,1.931,2.881,2.359,2.687,2.235,1.248,1.289,2.283,1.002,2.623,1.733,1.316,1.568,1.375,1.971,1.436,1.128,1.233,1.302,1.651,0.91,1.892,1.426,1.307,0.962,1.141,1.156,1.223,1.369,0.961,0.767,
266.000,10.665,3.464293,8.813101,9.871703,-1.157961,5.333481,4.108,3.186,2.368,3.064,2.883,1.359,0.865,1.215,1.023,2.192,1.873,1.231,0.924,1.563,1.345,2.007,1.689,1.552,2.508,1.708,1.311,1.126,1.163,1.285,1.011,1.226,1.214,1.028,1.339,0.998,1.597,1.08,1.463,1.646,0.736,
267.000,24.561,3.932298,7.837179,13.46029,-1.825941,7.547951,2.883139,1.501,2.955,2.143,3.236,1.443,2.264,2.47,1.752,1.556,2.435,1.6,0.934,1.352,2.042,1.522,1.261,1.322,1.554,0.844,1.742,1.389,1.238,0.954,1.46,1.178,1.043,1.041,1.257,1.234,1.138,1.016,0.824,1.541,1.797,
268.000,28.065,7.195607,7.962026,8.109912,1.103205,6.69706,3.866185,1.185,2.182,2.243,3.669,1.363,1.911,1.411,1.382,1.23,1.241,1.003,1.59,1,1.74,1.605,1.116,0.937,1.252,1.119,2.228,1.219,1.715,0.832,1.381,0.898,1.04,0.958,1.031,0.726,1.277,0.965,0.861,1.179,0.98,
269.000,45.567,8.029,10.25904,10.08132,4.475182,7.109808,2.041836,2.045,2.308,1.882,1.463,1.116,1.434,1.28,2.195,1.32,1.278,1.332,1.408,1.169,1.821,1.635,1.613,1.569,1.567,1.07,1.197,0.8,1.077,0.821,0.905,0.904,1.099,1.316,0.764,1.201,1.098,0.856,1.127,0.799,1.085,
270.000,62.242,7.202,10.00194,8.157594,1.215933,6.850377,3.546086,3.986,2.867,0.771,1.334,1.678,1.218,1.025,0.971,2.229,1.476,0.982,1.864,0.905,1.386,0.986,1.169,1.238,1.003,1.281,1.488,1.266,1.255,0.849,1.291,1.331,0.751,0.816,1.098,1.149,1.156,0.803,0.838,0.927,1.117,
271.000,73.996,11.554,9.008626,9.281565,-0.4618188,6.810771,5.308321,2.518,2.026,1.45,1.905,1.392,2.186,1.763,1.001,1.045,1.864,1.22,0.874,1.095,1.133,0.674,0.855,1.265,1.268,1.118,1.057,0.45,1.246,1.105,0.997,1.137,1.238,1.04,1.037,1.086,1.272,0.806,0.908,0.883,1.047,
272.000,78.928,13.477,6.431783,7.454164,-0.1816379,7.428052,2.92019,4.483334,2.126,3.239,2.085,1.961,1.491,1.718,1.521,0.93,0.964,0.972,1.715,1.394,1.598,1.442,0.666,1.286,1.791,1.423,1.14,1.498,0.971,0.621,1.194,0.957,0.942,0.737,0.846,1.243,0.801,1.352,0.991,0.898,1.064,
273.000,70.897,17.804,6.186223,4.966023,1.430624,6.602567,3.351844,4.329922,2.147,2.845,1.776,3.357,0.939,0.982,1.76,1.489,1.337,1.541,1.066,1.117,1.553,1.108,1.159,0.947,1.134,1.129,1.223,1.265,0.965,1.287,1.089,0.807,0.835,0.894,0.77,0.936,0.812,0.636,0.908,1.141,0.908,
274.000,56.968,35.454,8.942,11.35411,2.297035,7.84154,5.462886,4.006569,2.525,2.799,2.378,1.13,1.105,1.197,1.652,1.107,1.568,0.578,1.472,1.314,1.4,1.244,1.075,1.418,0.923,0.889,1.277,0.605,1.149,1.279,1.456,0.809,0.863,1.063,0.466,1.046,1.037,0.88,0.872,1.048,0.716,
275.000,32.996,49.106,5.885,8.109816,2.441884,6.155178,4.481501,4.410525,2.073,3.781,1.881,1.753,1.653,1.893,0.978,1.088,1.418,1.099,0.897,0.813,0.84,0.659,1.267,0.722,0.86,1.505,1.043,1.548,0.791,1.073,1.08,0.969,0.758,0.703,1.03,0.639,0.717,0.804,0.755,1.111,0.358,
276.000,17.512,75.617,4.876,10.4166,2.27786,7.845071,4.054631,5.940629,2.287,1.518,1.353,0.684,1.493,1.857,0.871,2.138,1.504,0.796,1.766,0.887,1.295,1.314,0.966,1.472,1.204,0.844,0.927,0.988,0.77,1.263,1.281,0.679,0.794,0.908,1.33,0.677,0.791,0.973,0.836,1.743,0.775,
277.000,19.537,83.494,1.856,10.59891,1.071597,7.369729,3.314934,4.873993,2.532642,1.804,2.405,1.589,1.245,2.012,1.738,1.033,0.56,1.304,1.531,1.827,1.098,1.17,1.215,1.033,1.228,0.814,0.748,1.108,1.059,1.206,0.879,0.876,0.948,1.051,0.86,0.608,0.582,0.876,0.81,0.846,0.719,
278.000,7.519,98.614,8.929,7.167983,3.619171,7.052121,3.32028,5.317417,2.569381,1.23,1.619,1.854,0.997,2.167,0.867,1.1,0.977,1.065,0.523,0.767,1.543,1.325,1.321,0.782,0.796,1.189,0.8,0.977,0.92,0.505,0.969,0.881,0.704,0.743,0.758,0.957,0.717,0.846,0.838,0.699,0.453,
279.000,7.481,89.723,20.947,9.398,4.140273,8.391855,3.623844,3.837402,2.486918,1.518,1.235,0.888,0.909,1.298,1.758,0.764,0.855,1.326,1.699,1.108,1.258,0.681,1.917,1.231,1.093,0.544,1.222,1.139,0.905,1.057,0.991,0.791,0.445,0.84,0.793,1.013,0.609,0.639,0.65,1.031,0.889,
280.000,8.372,77.986,24.88,3.328,2.206231,7.719377,3.609569,4.560883,2.220011,1.817,1.918,1.304,1.119,1.225,1.366,1.436,1.087,0.97,0.672,0.844,1.137,0.756,0.582,1.053,0.62,0.9,1.311,1.186,0.899,0.8,0.532,0.649,0.576,0.816,0.493,1.091,0.352,0.708,0.821,0.623,0.561,
281.000,4.318,55.75,46.866,5.863,3.842593,6.616631,6.692295,4.032725,2.342179,1.17,1.409,1.173,1.647,1.054,0.618,1.879,1.26,1.036,0.893,0.99,0.578,0.818,1.259,1.023,0.998,0.692,1.115,1.051,1.196,0.704,0.796,0.983,0.731,1.06,0.691,0.701,0.696,0.825,0.716,0.753,0.596,
282.000,4.841,36.663,69,5.123,5.472101,7.507585,4.086095,4.8287,2.255411,1.835233,0.9,1.515,1.297,1.581,0.671,1.566,0.705,1.082,1.108,0.632,1.185,0.866,1.155,0.953,0.902,1.14,0.535,1.147,0.662,1.019,0.933,0.681,0.73,0.772,0.968,0.695,0.636,0.565,0.852,0.51,0.952,
283.000,4.122,16.137,81.58,6.339,3.507229,5.999049,6.2297,4.778086,2.164068,1.668074,1.5,1.323,1.316,1.356,1.376,0.901,1.151,0.881,0.745,0.866,0.824,0.63,0.586,0.719,0.583,0.757,0.574,0.931,0.847,0.79,0.677,0.625,0.677,0.958,0.86,0.888,0.686,0.911,0.672,0.505,0.695,
284.000,2.342,5.283,86.988,9.474,5.32,7.88355,3.122564,4.767644,2.302661,1.470462,1.365,1.889,0.796,0.391,0.834,1.319,0.625,0.809,1.261,0.999,0.371,1.009,0.747,0.674,0.915,0.776,0.943,1.382,0.627,0.718,0.633,0.905,0.72,0.549,0.826,0.714,0.753,0.663,0.891,0.867,0.676,
285.000,8.75,6.387,78.98,15.394,4.259,8.316943,4.947922,6.06687,2.285764,1.087506,1.402,1.193,1.76,0.767,1.263,0.954,0.969,1.396,0.479,0.863,0.98,0.93,1.295,0.921,1.021,1.109,0.904,0.807,1.172,0.592,0.905,0.957,0.927,0.852,0.72,0.733,0.599,0.808,0.231,0.444,0.647,
286.000,6.887,5.26,56.48,28.034,5.894,6.921123,3.170716,4.103687,2.047344,1.698024,2.001,2.062,1.326,1.254,1.258,1.407,0.964,0.659,1.14,0.926,1.103,1.12,1.099,1.163,1.016,0.774,1.108,0.834,0.962,0.927,0.877,0.852,0.721,0.534,0.669,0.887,0.608,0.67,0.607,0.827,0.731,
287.000,1.717,8.016,41.423,44.777,3.827,6.326891,1.645784,5.613441,2.274905,0.8330401,2.223624,1.615,1.601,1.371,1,0.655,1.162,1.354,1.594,1.226,1.003,0.469,1.035,0.828,1.021,0.953,0.683,1.106,1.031,0.758,1.41,0.714,0.722,1.084,0.542,0.781,0.527,0.569,0.799,0.514,0.678,
288.000,4.599,6.521,23.302,63.88,4.804,5.19348,6.818135,5.107615,2.128715,1.44759,1.948068,0.35,1.042,0.965,1.37,0.82,1.095,0.86,1.271,1.078,1.036,0.9,0.866,1.075,1.136,0.575,0.772,0.494,0.847,0.6,0.872,1.066,0.69,0.398,0.702,0.753,0.642,0.631,0.856,0.801,0.695,
289.000,5.853,4.077,13.978,76.824,4.86,5.619,5.571932,4.977503,1.987868,2.052188,2.187312,1.133,1.096,1.712,0.574,0.572,0.393,0.827,1.321,1.036,0.645,1.117,1.202,1.142,0.93,0.949,0.762,0.776,0.77,1.082,0.748,1.081,0.705,0.62,1.049,0.519,0.565,0.695,0.643,0.572,0.51,
290.000,5.061,5.123,13.016,76.898,8.518,5.155,7.135258,5.095579,2.308444,1.116243,2.413771,1.323,0.719,0.477,1.063,0.419,1.262,1.253,0.923,1.286,1.131,0.488,0.876,0.938,0.864,1.077,0.654,0.909,0.592,0.702,0.489,0.694,0.725,0.687,0.38,0.671,0.77,0.901,0.718,0.526,0.794,
291.000,3.675,3.679,8.872,71.553,11.177,3.885,6.813637,4.42692,2.410314,1.356376,2.443003,1.295,1.055,0.959,1.08,1.012,0.597,0.865,1.118,1.159,1.154,0.745,1.309,0.596,0.924,1.651,0.768,0.84,0.607,0.851,1.051,0.892,0.64,0.497,0.601,0.577,0.849,0.734,0.544,0.807,0.677,
292.000,4.597,5.735,4.609,56.893,17.783,4.752,3.489012,4.910659,2.405166,2.141947,2.403872,1.914009,1.329,1.172,2.3,1.146,0.777,1.642,0.535,1.244,0.507,0.774,0.639,1.136,0.804,1.07,0.949,0.712,0.989,0.562,0.765,0.815,0.357,0.607,0.467,0.671,0.476,0.655,0.65,0.603,0.645,
293.000,1.256,4.969,6.145,34.153,32.619,3.975,3.60776,4.313583,1.904092,1.54366,2.23735,1.598136,1.571,0.778,0.661,1.336,0.868,1.029,1.04,0.876,0.978,1.052,0.683,0.989,0.394,0.864,0.761,1.029,0.833,0.818,0.645,0.601,0.822,0.677,0.581,0.704,0.469,0.639,0.663,0.62,0.484,
294.000,5.167,3.141,4.831,20.201,46.229,5.401,4.99,4.599558,2.190024,1.469244,2.27688,1.499352,1.332,0.944,1.124,0.795,1.214,0.865,0.835,1.016,1.118,0.837,1.056,0.892,1.134,0.651,0.928,0.858,0.865,0.496,0.621,0.732,0.674,0.732,0.451,0.608,0.689,0.529,0.674,0.602,0.576,
295.000,5.156,6.218,3.587,9.276,64.842,2.906,3.549,2.725126,2.001615,1.258945,2.994366,1.399408,1.167,1.336,0.811,1.365,0.91,1.021,1.138,1.281,0.571,0.857,1.037,0.603,0.939,0.829,0.734,1.299,0.461,0.476,0.593,0.45,0.643,0.338,0.556,0.657,0.453,0.605,0.45,0.597,0.668,
296.000,5.748,5.445,3.983,6.276,76.663,7.765,2.67,2.746352,2.178682,2.071435,2.4398,1.34875,1.109,1.189,1.133,0.494,0.628,0.828,0.335,0.805,0.629,1.087,1.014,0.866,0.404,0.869,1.02,0.807,0.528,0.705,0.768,0.576,0.598,0.532,0.652,0.723,0.703,0.665,0.378,0.705,0.675,
297.000,4.328,5.354,3.316,5.257,73.716,9.476,5.38,3.693661,2.249533,1.615422,3.137033,1.420564,0.8867388,1.075,1.215,0.868,1.244,0.856,0.814,0.823,1.039,0.592,0.797,0.726,0.581,0.697,0.594,0.789,0.849,0.856,0.718,0.514,0.373,0.63,0.816,0.551,0.663,0.597,0.476,0.691,0.756,
298.000,6.108,8.062,3.168,4.535,47.921,18.136,4.156,2.186962,2.038576,1.733101,3.051986,1.114122,1.225694,1.117,1.304,1.25,0.642,0.804,0.868,1.01,0.56,0.82,1.029,0.974,0.353,0.812,0.707,1.01,0.557,0.883,0.7,0.832,0.585,0.553,0.533,0.571,0.787,0.708,0.573,0.371,0.643,
299.000,5.491,5.277,5.254,4.54,36.275,29.469,4.531,2.576,1.95727,2.945984,2.162488,2.141872,0.6628385,0.764,0.764,0.765,1.067,0.352,0.59,0.886,1.185,0.771,0.745,0.521,0.95,0.984,0.857,0.53,0.58,0.468,0.541,0.715,0.579,0.684,0.396,0.778,0.485,0.854,0.692,0.709,0.616,
300.000,3.516,4.963,3.881,2.954,28.12,43.341,4.761,3.233,2.536106,2.141075,2.407985,1.819758,1.211902,1.062,0.921,0.952,0.6,0.596,0.749,0.483,1.017,0.697,0.823,0.705,1,0.945,0.887,0.864,1.106,0.433,0.62,0.768,0.369,0.727,0.794,0.493,0.464,0.542,0.493,0.582,0.856,
301.000,0.589,4.002,3.912,4.937,14.571,62.858,4.028,3.644,2.132976,2.202505,2.349038,0.7121818,1.318392,1.026,1.26,0.751,0.663,0.942,0.805,0.719,0.769,0.672,0.8,1.05,0.875,1.003,1.034,0.565,0.953,1.101,0.482,0.506,0.71,0.684,1.006,0.494,0.679,0.617,0.585,0.55,0.621,
302.000,4.593,4.523,3.506,3.328,9.093,60.104,3.211,2.638,1.747669,2.985109,2.042347,1.976354,1.054549,0.9830438,0.408,0.974,0.852,0.613,0.761,0.414,0.669,0.652,0.763,0.725,0.826,0.939,0.453,1.019,0.61,0.569,0.796,0.95,0.889,0.346,0.701,0.515,0.659,0.561,0.67,0.587,0.543,
303.000,1.724,6.423,4.34,2.3,7.893,60.028,12.151,3.819,2.48414,3.594941,2.823407,1.317313,1.125849,0.8755433,1.381,0.706,0.471,1.158,0.616,1.374,0.946,0.778,0.975,0.842,0.598,0.751,0.962,0.826,0.765,0.522,0.565,0.363,0.593,0.714,0.558,0.483,0.736,0.44,0.637,0.526,0.621,
304.000,5.169,5.422,4.914,3.878,5.808,45.556,17.655,3.1,2.272,2.692646,2.403308,2.240831,1.3433,1.089614,0.811,0.864,1.038,1.23,1.049,0.919,0.857,0.858,0.926,0.781,0.904,0.759,0.538,0.472,0.659,0.688,0.578,0.619,0.607,0.714,0.542,0.532,0.729,0.713,0.385,0.434,0.659,
305.000,9.343,4.896,3.369,3.429,3.378,34.122,28.319,3.738,1.764,2.187816,2.210242,2.433958,1.151792,1.067407,1.283,0.993,0.54,0.646,1.287,0.793,0.703,0.961,0.547,1.022,0.788,0.901,0.886,0.749,0.77,0.617,0.545,0.744,0.624,0.388,0.801,0.768,0.428,0.532,0.448,0.446,0.815,
306.000,4.897,4.92,3.4,2.474,5.587,26.682,36.539,4.017,2.563,2.659235,2.544212,1.981433,1.352258,1.06027,1.124,0.829,0.414,1.181,0.716,0.787,0.971,0.794,0.774,1.178,0.861,0.53,0.578,0.529,0.604,0.523,0.469,0.75,0.426,0.559,0.619,0.61,0.57,0.543,0.582,0.428,0.494,
307.000,3.643,5.599,3.668,4.227,3.138,14.403,46.396,3.928,2.776,3.389891,2.066691,1.830497,1.545149,0.7258182,1.578086,0.917,0.836,1.231,0.731,1.006,0.951,0.724,0.726,0.738,0.916,0.617,0.932,0.759,0.58,0.487,0.442,0.365,0.633,0.649,0.484,0.529,0.664,0.582,0.358,0.591,0.441,
308.000,3.614,4.064,4.401,3.41,3.592,9.541,54.417,4.54,2.455,2.504592,1.98953,2.455357,1.678778,1.075462,1.697232,0.892,0.729,0.434,0.749,0.599,1.098,1.142,0.753,0.895,0.999,0.753,0.42,0.454,0.518,0.381,0.824,0.624,0.591,0.441,0.385,0.73,0.674,0.514,0.453,0.568,0.724,
309.000,6.319,2.967,4.819,2.536,3.68,5.565,56.41,8.375,3.763,2.943,2.228578,1.993555,1.375129,0.8276269,1.187541,1.001,0.655,0.559,0.469,0.654,0.947,0.956,0.784,0.915,0.873,0.498,0.514,0.741,0.736,0.695,0.727,0.718,0.543,0.593,0.365,0.586,0.533,0.456,0.461,0.324,0.526,
310.000,5.228,3.722,5.061,3.628,3.075,6.311,41.309,11.931,3.354,3.565,2.213105,2.964105,1.992828,1.07328,1.879606,0.458,0.92,0.972,0.986,0.3,0.768,0.659,1.101,0.695,0.695,0.681,0.571,0.507,0.945,0.444,0.672,0.474,0.792,0.488,0.684,0.726,0.488,0.378,0.5,0.326,0.479,
311.000,3.36,3.117,3.759,2.919,4.556,3.705,32.613,18.826,3.415,2.169,3.00352,2.586506,2.258666,1.040289,1.888608,0.777,0.758,1.093,0.585,0.694,0.752,0.816,0.841,0.845,0.37,0.466,0.853,0.364,0.793,0.663,0.729,0.375,0.48,0.393,0.728,0.513,0.353,0.555,0.498,0.718,0.415,
312.000,3.147,2.702,2.987,3.731,3.079,4.025,22.877,30.483,2.585,2.817,3.240172,2.400603,2.200241,0.912444,1.84566,0.6580754,0.911,0.55,0.722,0.873,0.483,0.71,0.632,0.821,0.737,0.515,0.614,0.622,0.607,0.753,0.591,0.61,0.513,0.502,0.679,0.67,0.518,0.862,0.427,0.552,0.533,
313.000,7.492,6.868,4.91,5.451,3.585,3.883,14.612,37.379,3.049,2.386,2.237301,3.0861,2.395535,1.048815,2.213254,0.2843877,0.706,0.944,0.851,0.303,0.714,0.709,0.958,0.734,0.794,0.788,0.629,0.861,0.611,0.493,0.61,0.693,0.396,0.515,0.501,0.625,0.264,0.289,0.678,0.382,0.488,
314.000,6.39,4.103,4.859,5.84,6.216,4.448,7.028,41.971,4.334,3.723,3.436,3.376469,2.22968,1.005895,2.613663,0.2432112,0.728,0.773,0.321,0.706,1.153,0.873,0.484,0.719,0.847,0.621,0.737,0.609,0.665,0.431,0.686,0.917,0.463,0.383,0.655,0.611,0.575,0.468,0.416,0.55,0.437,
315.000,5.419,4.267,5.702,3.387,4.903,5.059,5.854,47.017,7.9,3.737,2.645,3.162375,2.434315,1.083586,2.167131,0.608423,0.722,1.164,1.169,0.445,0.782,0.516,1.031,0.758,0.503,0.845,0.511,1.018,0.564,0.74,0.555,0.626,0.4,0.459,0.43,0.59,0.44,0.561,0.583,0.393,0.408,
316.000,4.261,7.455,5.105,3.724,3.22,3.517,6.032,44.461,10.876,3.93,1.988,3.617241,3.08831,1.265011,2.679804,0.5333328,0.711,1.224,0.476,0.999,0.68,0.526,0.42,0.669,0.588,0.644,0.82,0.642,0.852,0.442,0.427,0.85,0.647,0.558,0.438,0.638,0.214,0.449,0.593,0.523,0.679,
317.000,6.892,6.491,5.617,5.99,4.597,4.512,3.929,34.881,24.008,3.924,3.362,3.889352,3.035361,0.9880827,2.392174,0.9446051,0.9162348,0.784,0.654,1.047,0.532,0.92,0.64,0.726,0.678,0.668,1.095,0.508,0.295,0.374,0.663,0.645,0.425,0.644,0.303,0.546,0.4,0.558,0.504,0.647,0.476,
318.000,6.312,3.214,5.808,3.352,6.112,5.558,3.7,26.45,27.747,4.556,3.184,3.480674,2.917251,1.145255,2.016773,1.194943,0.650154,0.17,0.529,0.802,0.659,0.571,0.393,0.521,0.737,0.581,0.854,0.753,0.782,0.479,0.839,0.518,0.624,0.478,0.509,0.583,0.524,0.613,0.59,0.715,0.5,
319.000,5.48,4.94,4.095,3.966,5.717,5.016,6.836,16.21,36.921,3.371,2.988,2.936,3.334138,1.43711,2.247645,1.048133,0.7649536,0.807,1.073,0.37,1.049,0.544,0.318,0.473,0.605,0.499,0.695,0.562,0.715,0.437,0.379,0.49,0.452,0.603,0.554,0.736,0.486,0.575,0.492,0.44,0.539,
320.000,7.051,6.872,5.47,5.701,6.642,5.428,4.946,11.718,45.111,5.578,4.85,3.518,3.193408,1.292707,2.825925,1.239494,0.596121,0.745,0.981,0.664,0.752,0.461,1.001,0.458,0.565,0.447,0.569,0.632,0.464,0.575,0.735,0.578,0.365,0.312,0.641,0.429,0.626,0.495,0.449,0.743,0.456,
321.000,6.951,5.908,6.561,6.323,6.766,5.709,5.641,7.411,48.976,7.445,3.239,3.645,3.190341,1.447373,2.651861,0.6259546,0.7724227,0.706,0.903,0.572,0.618,0.715,0.561,0.707,0.687,0.755,0.587,0.603,0.696,0.791,0.524,0.653,0.609,0.608,0.408,0.426,0.641,0.607,0.242,0.408,0.447,
322.000,5.948,7.537,3.887,4.071,6.921,5.468,7.527,6.745,36.386,12.241,4.036,3.996,3.546963,1.323729,2.744142,1.259461,0.6858912,0.5133048,0.677,0.84,0.683,0.66,0.87,0.848,0.618,0.58,0.507,0.588,0.492,0.545,0.4,0.444,0.411,0.644,0.719,0.496,0.452,0.495,0.705,0.556,0.496,
323.000,9.367,7.142,5.303,5.233,4.359,5.927,5.341,6.552,32.994,17.351,5.308,3.929,3.359084,1.781522,2.626975,1.321303,0.6471437,0.6179721,0.799,0.928,0.825,0.653,0.725,0.46,0.617,0.302,0.603,0.702,0.579,0.554,0.644,0.541,0.419,0.303,0.476,0.372,0.641,0.478,0.436,0.62,0.47,
324.000,5.302,7.114,6.128,6.516,5.313,6.199,7.681,6.587,27.036,26.131,4.755,4.484,3.965,1.885623,2.493667,1.48461,0.6033123,0.5817527,0.881,0.461,0.613,0.8,0.492,0.674,0.809,0.744,0.335,0.532,0.339,0.409,0.535,0.565,0.298,0.542,0.13,0.535,0.409,0.476,0.649,0.379,0.612,
325.000,4.04,7.572,6.385,8.27,5.836,6.289,6.403,6.17,16.063,34.763,5.032,4.708,3.817,2.050457,2.84643,0.8288162,0.9280622,0.6967427,0.649,0.753,0.721,0.546,0.615,0.765,0.739,0.547,0.399,0.524,0.708,0.431,0.261,0.37,0.525,0.593,0.437,0.801,0.329,0.486,0.468,0.761,0.509,
326.000,7.927,6.49,6.733,6.604,6.571,7.681,8.187,6.4,11.769,41.933,6.925,4.909,3.794,2.126889,2.579029,1.139247,0.9666041,0.5090343,0.883,0.848,0.831,0.762,0.947,0.42,0.561,0.861,0.658,0.642,0.552,0.557,0.608,0.535,0.402,0.463,0.493,0.413,0.673,0.469,0.356,0.495,0.546,
327.000,6.146,4.64,7.338,6.546,6.819,8.3,8.63,8.646,10.309,44.961,7.662,4.246,3.329,2.257005,2.391553,1.428127,0.9318303,0.7320328,0.9053582,0.657,0.646,0.453,0.535,0.723,0.714,0.659,0.656,0.634,0.586,0.969,0.772,0.482,0.309,0.302,0.554,0.543,0.582,0.705,0.442,0.607,0.437,
328.000,7.053,8.626,6.179,6.683,5.779,6.784,8.065,8.258,7.683,40.353,11.799,4.325,4.537,2.142552,2.475117,1.633899,0.9852551,0.5747482,0.9428934,0.663,0.477,0.763,0.368,0.799,0.54,0.676,0.548,0.329,0.798,0.498,0.505,0.343,0.409,0.365,0.546,0.412,0.648,0.511,0.585,0.409,0.295,
329.000,9.474,6.204,9.843,7.875,8.058,7.268,7.922,8.335,10.237,34.218,14.993,5.038,3.868,2.22,2.429677,1.524974,1.003578,0.6311337,0.9189394,0.486,0.631,0.736,0.582,0.654,0.768,0.7,0.728,0.589,0.586,0.507,0.489,0.557,0.584,0.427,0.492,0.592,0.442,0.634,0.505,0.362,0.442,
330.000,5.537,8.3,5.784,7.655,8.93,7.556,9.228,9.211,7.374,25.178,24.176,4.945,3.819,2.789,2.762014,1.328522,1.052489,0.3550359,0.9890085,0.929,0.862,0.464,0.688,0.584,0.743,0.584,0.589,0.789,0.593,0.596,0.474,0.35,0.451,0.457,0.597,0.367,0.457,0.482,0.424,0.704,0.576,
331.000,10.121,7.106,9.141,8.122,8.212,7.614,7.959,7.629,7.582,16.613,27.391,5.131,3.881,3.042,2.130883,1.453402,1.103039,0.543504,0.6822389,0.822,0.755,1.071,0.608,0.54,0.287,0.945,0.492,0.547,0.754,0.359,0.434,0.613,0.705,0.345,0.405,0.441,0.576,0.502,0.469,0.405,0.52,
332.000,9.414,12.115,6.95,5.975,7.107,8.342,9.939,8.943,9.759,14.83,34.293,7.073,3.544,2.812,2.224184,1.611262,1.06244,0.6992941,0.4730435,0.7426794,0.495,0.427,0.729,0.66,0.602,0.493,0.551,0.506,0.499,0.602,0.389,0.543,0.643,0.361,0.633,0.388,0.282,0.677,0.513,0.607,0.378,
333.000,7.992,10.078,7.837,10.236,7.534,7.807,9.419,10.618,7.901,10.919,35.699,7.729,4.603,3.328,2.776647,1.337966,1.363423,0.06027082,0.5987981,0.5709392,0.661,0.653,0.431,0.706,0.849,0.375,0.363,0.664,0.591,0.636,0.646,0.554,0.437,0.236,0.528,0.377,0.68,0.459,0.464,0.387,0.398,
334.000,7.121,9.514,8.051,8.605,8.538,8.116,10.669,7.64,7.372,10.398,36.511,11.113,3.922,3.823,1.829,1.929612,1.312295,0.666643,0.5300389,0.5164999,1.127,0.668,0.695,0.91,0.587,0.725,0.617,0.45,0.391,0.8,0.49,0.451,0.47,0.376,0.292,0.457,0.502,0.502,0.589,0.352,0.507,
335.000,8.496,5.841,9.558,9.336,10.714,9.644,7.391,8.198,8.784,10.947,32.944,14.142,5.758,3.031,2.171,1.432308,1.417966,0.3650207,0.230542,0.7923269,0.757,0.616,0.738,0.803,0.61,0.544,0.516,0.588,0.791,0.51,0.467,0.479,0.473,0.283,0.351,0.448,0.487,0.464,0.409,0.521,0.409,
336.000,6.015,7.965,8.423,9.115,7.033,8.129,10.224,7.643,8.92,9.863,26.255,19.917,5.257,3.373,2.106,1.598704,1.419746,0.4626855,0.2547596,1.363561,0.774,0.654,0.644,0.705,0.588,0.427,0.682,0.561,0.669,0.522,0.808,0.375,0.441,0.322,0.484,0.474,0.551,0.416,0.635,0.627,0.455,
337.000,6.684,7.676,10.288,8.564,9.391,11.289,11.745,11.625,9.339,9.646,18.456,29.126,5.393,2.74,1.684,1.842321,1.504894,0.646197,0.1850903,1.239614,0.9652874,0.56,0.666,0.486,0.494,0.417,0.896,0.57,0.538,0.475,0.431,0.272,0.422,0.473,0.447,0.682,0.314,0.51,0.405,0.255,0.406,
338.000,6.957,9.101,9.756,9.841,9.23,8.491,9.354,10.848,10.384,10.396,13.618,31.469,5.435,3.203,2.133,1.57338,1.602862,0.460522,0.4976008,0.9396279,0.9221591,0.97,0.88,0.781,0.667,0.722,0.391,0.488,0.633,0.321,0.682,0.572,0.407,0.443,0.489,0.458,0.353,0.471,0.428,0.474,0.43,
339.000,5.293,5.046,6.577,9.314,9.851,7.66,9.395,10.65,10.701,9.684,10.441,31.046,5.799,2.698,2.392,2.044,1.516721,0.4681107,0.6216108,0.8934507,1.354647,0.61,0.608,0.706,0.736,0.745,0.749,0.518,0.287,0.563,0.449,0.443,0.259,0.524,0.429,0.478,0.542,0.57,0.257,0.45,0.438,
340.000,8.773,9.399,9.813,6.074,9.192,9.387,8.979,10.172,9.938,9.974,9.557,30.39,8.868,3.431,1.99,1.616,1.625272,0.3473221,0.1497548,1.159945,1.361427,0.629,0.702,0.8,0.757,0.496,0.806,0.493,0.565,0.493,0.465,0.387,0.56,0.552,0.477,0.586,0.574,0.407,0.356,0.418,0.331,
341.000,6.629,9.139,9.458,10.166,8.017,9.468,7.416,7.83,10.5,10.689,10.092,26.798,11.791,3.001,1.885,1.118,1.674853,0.2943144,-0.2425889,0.9615032,1.166798,0.794,0.493,0.502,0.47,0.672,0.729,0.657,0.723,0.551,0.512,0.305,0.403,0.437,0.537,0.452,0.487,0.566,0.517,0.391,0.513,
342.000,7.239,9.632,9.253,9.105,10.723,9.105,9.727,10.15,11.727,10.034,8.484,23.918,16.324,3.161,1.864,1.42,1.78193,0.5492317,0.5700634,1.302303,1.544509,0.7384899,0.786,0.501,0.483,0.585,0.514,0.656,0.74,0.221,0.327,0.378,0.382,0.335,0.341,0.513,0.339,0.336,0.416,0.478,0.506,
343.000,7.206,7.682,9.612,7.963,9.113,8.424,8.282,10.775,10.205,10.167,9.659,16.774,20.592,3.203,2.294,1.342,1.862604,0.7138091,0.3088055,1.137703,1.366963,0.8493123,0.653,0.466,0.97,0.51,0.768,0.258,0.382,0.831,0.488,0.309,0.53,0.344,0.311,0.3,0.394,0.422,0.656,0.511,0.577,
344.000,6.895,6.204,5.984,7.601,9.464,9.847,7.421,9.254,9.21,8.045,8.498,12.543,22.707,4.649,2.972,1.211,2.047,0.9227361,0.1441043,1.34529,1.147699,0.8559353,0.606,0.719,0.701,0.567,0.6,0.373,0.509,0.576,0.304,0.49,0.547,0.328,0.37,0.33,0.521,0.401,0.381,0.451,0.503,
345.000,8.504,9.088,7.9,7.796,7.357,10.705,6.588,8.879,8.776,9.846,8.088,9.625,26.859,4.57,1.753,1.871,1.984,1.536473,0.584528,1.326375,1.59198,0.5607466,0.949,0.613,0.521,0.876,0.504,0.62,0.615,0.445,0.385,0.482,0.71,0.554,0.748,0.4,0.429,0.494,0.389,0.407,0.401,
346.000,5.723,9.528,8.458,8.955,6.491,9.609,9.576,11.209,12.378,7.125,9.426,8.224,26.612,5.215,2.215,2.446,1.881,1.2088,0.7701714,1.599267,1.320535,0.5683623,0.832,0.522,0.343,0.533,0.691,0.586,0.567,0.654,0.414,0.466,0.474,0.491,0.332,0.4,0.529,0.412,0.454,0.405,0.232,
347.000,5.762,7.851,6.53,9.355,6.81,9.295,10.398,9.154,12.007,10.519,8.918,6.923,24.816,8.375,2.426,2.384,1.819,1.310012,0.612464,1.528742,1.5838,0.6647504,1.144377,0.544,0.7,0.841,0.533,0.598,0.7,0.253,0.448,0.499,0.629,0.384,0.406,0.189,0.297,0.281,0.489,0.501,0.398,
348.000,6.267,9.422,6.048,9.227,10.914,6.914,9.237,8.584,11.529,9.255,7.739,6.632,23.844,12.445,2.626,1.945,2.082,1.736143,0.8208714,1.678092,1.642346,0.6280143,0.8719297,0.489,0.511,0.608,0.493,0.724,0.467,0.504,0.595,0.531,0.531,0.698,0.473,0.612,0.347,0.48,0.632,0.514,0.293,
349.000,6.088,11.87,9.829,9.607,9.388,8.72,10.48,8.619,10.689,9.282,7.925,6.861,16.593,18.617,2.413,3.034,2.572,1.817,0.951257,2.062965,2.093803,0.9848097,1.273783,0.912,0.693,0.474,0.388,0.975,0.477,0.899,0.507,0.365,0.185,0.558,0.484,0.432,0.547,0.457,0.449,0.484,0.392,
350.000,3.89,9.233,8.304,7.069,9.899,9.169,8.21,8.919,9.256,9.029,8.775,7.797,11.593,20.273,3.821,2.816,2.44,2.318,1.132842,1.852176,2.05541,0.4178817,0.6423133,0.537,0.498,0.771,0.515,0.443,0.405,0.591,0.359,0.536,0.377,0.687,0.424,0.561,0.405,0.363,0.186,0.482,0.418,
351.000,7.61,5.505,9.224,7.294,8.737,9.153,10.091,7.172,8.445,8.951,8.854,6.68,8.116,22.062,2.991,1.798,2.412,2.561,1.458812,2.160484,2.469788,0.6520468,1.190315,0.451,0.841,0.432,0.449,0.604,0.601,0.516,0.504,0.453,0.499,0.348,0.374,0.62,0.443,0.487,0.282,0.46,0.533,
352.000,6.056,6.708,9.132,7.228,7.929,9.71,7.74,8.911,10.601,8.414,7.532,6.567,8.259,23.975,5.911,2.874,3.132,3.067,1.630179,2.181096,1.721117,0.7359671,1.336123,0.3771736,0.666,0.541,0.418,0.803,0.454,0.546,0.434,0.509,0.478,0.411,0.429,0.333,0.271,0.212,0.317,0.581,0.448,
353.000,5.16,6.408,7.51,8.584,6.227,11.072,8.411,7.647,11.129,7.666,8.461,7.057,6.151,22.468,6.746,3.347,2.708,2.506,2.120321,2.389237,2.420823,0.9419997,1.451705,0.3697415,0.66,0.546,0.276,0.433,0.723,0.604,0.361,0.608,0.255,0.451,0.3,0.496,0.48,0.352,0.394,0.394,0.427,
354.000,7.089,4.536,8.646,6.441,9.341,7.383,8.801,9.364,9.093,10.274,7.705,7.672,6.54,20.974,10.942,4.395,2.423,2.912,3.012,2.706055,2.964612,0.7852837,1.222857,0.7940792,0.693,0.425,0.624,0.348,0.553,0.276,0.288,0.319,0.459,0.397,0.449,0.497,0.222,0.388,0.347,0.222,0.346,
355.000,3.569,5.723,8.533,6.674,7.641,6.792,9.813,9.092,8.877,9.409,8.678,6.85,6.742,16.882,16.36,4.643,3.856,3.142,3.223,2.970888,2.759911,1.005087,1.544874,0.3860813,0.447,0.733,0.605,0.608,0.567,0.54,0.431,0.492,0.319,0.392,0.365,0.412,0.507,0.553,0.296,0.502,0.255,
356.000,4.174,6.669,6.76,10.338,7.556,8.646,8.956,8.947,10.995,8.792,7.37,7.306,6.224,12.683,17.816,4.709,4.206,4.471,3.06,3.134464,2.700142,1.46311,1.70355,0.2228598,0.703,0.657,0.503,0.697,0.662,0.545,0.451,0.481,0.317,0.48,0.25,0.445,0.423,0.423,0.422,0.474,0.427,
357.000,4.568,5.32,6.196,7.396,7.983,7.932,8.929,8.378,9.109,8.42,8.661,6.983,6.107,9.267,22.685,4.911,4.492,3.988,4.24,3.295848,3.145874,1.436326,1.633941,0.1393401,0.5962337,0.61,0.627,0.494,0.705,0.501,0.447,0.405,0.566,0.361,0.391,0.427,0.339,0.448,0.542,0.368,0.431,
358.000,5.2,9.322,6.784,7.32,7.816,8.096,9.505,7.975,8.632,7.703,7.535,7.463,6.738,8.351,23.126,6.211,4.255,4.879,4.043,3.483152,3.168556,1.420193,2.185819,0.722423,0.3741582,0.652,0.356,0.678,0.656,0.469,0.326,0.52,0.483,0.351,0.179,0.273,0.287,0.326,0.23,0.413,0.318,
359.000,7.913,9.166,8.118,7.081,6.687,9.039,8.946,8.774,9.163,7.992,8.037,7.769,7.324,6.37,19.927,9.381,5.003,5.329,5.393,4.225,3.749892,1.453917,1.723562,0.3676878,0.4736927,0.344,0.561,0.645,0.64,0.439,0.534,0.362,0.43,0.331,0.386,0.381,0.381,0.497,0.227,0.451,0.4,
360.000,7.028,9.14,9.142,6.048,6.916,7.079,6.949,6.628,9.092,8.138,7.797,7.895,6.493,6.653,20.081,10.998,6.424,5.831,5.331,4.008,3.538489,1.91914,1.907617,0.6937864,0.6018075,0.546,0.633,0.626,0.607,0.608,0.206,0.466,0.556,0.367,0.452,0.397,0.435,0.429,0.477,0.284,0.349,
361.000,4.657,6.139,4.175,6.249,6.143,9.486,8.891,9.103,9.317,8.186,7.516,5.805,7.179,6.373,16.692,13.62,5.534,6.037,4.716,4.18,3.824213,2.037229,2.2137,0.1094433,0.528097,0.795,0.41,0.533,0.447,0.713,0.494,0.315,0.448,0.514,0.389,0.475,0.227,0.436,0.327,0.528,0.321,
362.000,5.158,10.059,4.753,6.665,6.111,8.45,6.987,8.347,9.424,8.302,8.717,7.549,7.116,6.655,13.196,17.456,6.765,5.647,5.712,5.028,4.615442,2.045182,2.361955,-0.04387361,0.7112039,0.209777,0.735,0.585,0.656,0.361,0.339,0.411,0.443,0.418,0.462,0.563,0.47,0.354,0.422,0.331,0.311,
363.000,6.131,7.772,8.086,6.011,7.966,7.965,7.572,9.726,9.144,7.692,8.748,6.883,6.209,7.376,10.898,20.578,7.87,7.07,5.768,5.487,4.290699,2.580608,2.239768,0.6414682,0.5913176,0.1942623,0.417,0.401,0.297,0.412,0.503,0.434,0.388,0.264,0.4,0.422,0.452,0.638,0.447,0.424,0.356,
364.000,8.95,5.899,8.755,5.927,5.153,6.594,7.529,9.705,9.605,8.617,8.821,8.14,7.09,7.885,8.123,26.532,8.439,6.419,7.528,6.066,5.428,2.824487,2.256935,0.2741921,0.06203407,0.5870751,0.884,0.546,0.507,0.319,0.362,0.397,0.572,0.24,0.323,0.572,0.471,0.389,0.539,0.234,0.36,
365.000,9.587,3.471,7.569,6.578,6.811,8.445,9.081,8.887,9.689,8.625,7.849,7.145,7.165,6.954,8.035,24.829,10.592,7.59,7.412,7.006,5.08,3.347225,2.601549,0.2290396,0.6321022,0.428726,0.585,0.656,0.579,0.64,0.51,0.489,0.47,0.558,0.434,0.44,0.395,0.36,0.512,0.342,0.283,
366.000,3.795,5.367,6.259,5.442,7.974,6.397,7.579,8.398,8.664,9.34,7.857,9.775,6.882,8.532,8.747,23.167,11.72,7.718,8.374,7.304,5.705,3.679604,2.834971,0.4634939,0.5823108,0.8363031,0.799,0.781,0.54,0.543,0.237,0.453,0.429,0.38,0.349,0.472,0.307,0.253,0.3,0.389,0.334,
367.000,6.269,7.057,6.851,7.285,8.409,6.756,9.282,8.875,8.965,8.503,7.252,9.14,7.472,9.425,9.023,21.478,15.64,9.37,8.972,7.33,6.509,4.063328,3.338651,1.182664,0.5253928,0.6910983,0.5027902,0.56,0.488,0.525,0.472,0.359,0.37,0.376,0.345,0.366,0.429,0.308,0.445,0.37,0.492,
368.000,6.487,6.804,8.127,6.95,7.748,7.655,8.088,8.929,8.459,8.887,7.992,7.666,8.679,6.764,8.149,16.941,19.406,9.26,8.562,8.05,6.868,4.551103,3.490161,0.581991,0.8980877,-0.00812709,0.6653332,0.436,0.481,0.361,0.416,0.223,0.413,0.435,0.381,0.424,0.452,0.447,0.48,0.574,0.354,
369.000,5.905,7.828,6.306,5.233,6.64,7.181,8.332,10.695,9.185,8.744,7.847,8.246,9.093,9.622,8.866,15.08,22.779,10.817,8.479,8.693,6.769,5.062,3.683171,0.955016,0.6323722,0.2802455,0.2355574,0.46,0.445,0.461,0.099,0.431,0.5,0.329,0.414,0.366,0.341,0.246,0.355,0.375,0.411,
370.000,2.911,4.06,4.139,4.666,6.262,7.064,8.268,8.364,10.422,8.282,9.033,9.13,7.953,9.123,9.457,12.222,23.906,11.202,9.232,7.687,7.752,5.853,3.810506,1.392589,1.019827,0.5487793,0.5253391,0.712,0.673,0.544,0.382,0.49,0.435,0.5,0.234,0.45,0.432,0.363,0.45,0.447,0.477,
371.000,4.019,6.472,7.432,7.316,7.432,5.685,8.41,9.16,9.704,10.237,8.556,8.536,8.636,8.866,10.113,11.217,23.074,12.332,10.294,8.403,7.944,6.123,3.701762,1.545429,0.8576462,0.9790251,0.6548567,0.802,0.382,0.3,0.452,0.44,0.43,0.367,0.447,0.379,0.345,0.576,0.379,0.446,0.363,
372.000,7.471,5.411,6.65,5.153,8.166,5.806,7.324,9.06,9.665,10.289,9.201,8.89,8.83,9.678,9.445,10.838,24.765,14.015,10.4,9.627,8.589,6.951,4.361542,1.969305,1.141447,0.8659769,0.3212139,1.118953,0.496,0.524,0.511,0.334,0.343,0.453,0.332,0.445,0.552,0.264,0.33,0.415,0.338,
373.000,5.764,8.066,5.942,5.003,6.737,7.795,7.414,9.147,9.169,8.94,10.368,8.982,8.222,10.222,10.316,11.706,24.14,17.618,10.953,10.524,8.448,7.433,4.735612,2.246619,1.779568,0.7333351,0.3720518,1.15732,0.567,0.59,0.297,0.461,0.321,0.352,0.357,0.409,0.35,0.515,0.335,0.413,0.351,
374.000,7.186,6.537,6.033,8.171,5.766,8.157,8.115,10.108,7.756,8.914,10.324,8.21,9.645,10.493,10.733,12.345,21.333,18.735,11.807,11.017,9.487,7.028,5.042,1.938499,2.214907,0.968314,0.1137482,0.9358871,0.438,0.402,0.485,0.445,0.438,0.295,0.159,0.353,0.377,0.117,0.428,0.472,0.289,
375.000,7.885,5.775,6.226,5.813,7.047,7.343,6.751,8.408,8.914,10.496,9.879,11.194,10.115,10.018,11.104,12.547,18.378,23.311,11.211,11.725,10.294,7.474,5.18,2.853614,2.255543,1.367528,0.2247104,0.7525118,0.591,0.398,0.488,0.45,0.629,0.397,0.485,0.361,0.435,0.334,0.535,0.419,0.285,
376.000,6.331,6.385,4.588,6.246,6.278,7.753,7.711,8.302,10.473,8.427,9.432,8.464,10.157,11.731,11.392,11.657,16.688,23.2,14.048,12.103,10.231,7.572,5.261,3.239114,2.091984,1.069397,0.2915307,0.403276,0.6,0.609,0.433,0.429,0.495,0.704,0.341,0.4,0.414,0.504,0.361,0.233,0.484,
377.000,7.32,6.564,6.928,4.951,6.313,7,7.044,8.184,8.446,9.695,9.212,9.353,10.042,10.756,11.648,11.889,14.256,28.159,14.377,12.321,11.511,8.232,6.467,4.368043,2.450211,1.965119,0.5468414,0.6506217,0.5701488,0.846,0.505,0.45,0.476,0.494,0.308,0.333,0.309,0.435,0.272,0.308,0.381,
378.000,3.823,8.765,5.519,4.968,7.372,8.498,8.468,9.983,9.237,9.672,8.573,10.75,9.788,11.992,11.749,12.497,14.467,27.736,15.467,12.231,12.614,9.136,5.902,4.257152,3.063,1.893158,0.5956967,0.3033026,0.9146793,0.474,0.585,0.418,0.482,0.44,0.283,0.404,0.459,0.518,0.554,0.308,0.413,
379.000,6.473,7.56,5.557,5.316,7.03,5.353,7.555,10.64,9.314,10.768,9.855,9.327,11.624,12.187,12.115,14.819,14.856,26.351,20.444,12.611,11.948,9.53,7.284,5.41,3.686485,1.743468,0.7457978,0.9317606,0.873189,0.542,0.303,0.348,0.308,0.338,0.343,0.324,0.448,0.422,0.547,0.457,0.358,
380.000,4.461,6.167,5.002,7.895,4.237,6.348,6.852,10.776,8.645,9.587,9.262,10.632,10.625,12.031,13.223,13.651,16.449,24.948,22.612,14.664,13.426,10.554,7.274,5.208,3.969608,2.851109,0.4720082,0.9896043,1.032283,0.806,0.436,0.419,0.383,0.435,0.313,0.383,0.311,0.268,0.345,0.455,0.262,
381.000,8.572,8.381,5.115,5.971,7.503,8.598,7.855,8.279,9.42,9.538,9.256,10.911,11.124,11.887,12.606,15.202,14.704,20.216,26.384,17.129,12.961,12.156,7.734,6.336,4.552146,2.783715,1.238303,1.298199,1.264465,0.615,0.484,0.695,0.367,0.496,0.419,0.491,0.324,0.248,0.26,0.454,0.331,
382.000,8.271,5.394,9.946,6.158,6.584,7.862,7.192,7.133,9.35,11.833,9.913,10.753,10.847,11.513,14.331,14.367,17.229,20.603,29.786,16.522,15.791,11.771,8.708,7.236,5.358734,3.682279,0.9759216,1.865942,1.565842,0.6034061,0.354,0.423,0.389,0.39,0.471,0.286,0.329,0.426,0.558,0.381,0.211,
383.000,9.6,7.991,7.615,5.638,5.772,6.624,8.934,8.027,9.904,7.432,9.344,11.172,12.378,12.448,14.801,16.227,18.233,19.086,28.78,17.639,15.897,13.298,9.056,7.26,6.205429,3.86037,1.758982,1.676065,1.652432,0.2681185,0.454,0.491,0.48,0.434,0.265,0.221,0.338,0.304,0.427,0.188,0.368,
384.000,12.076,7.711,7.244,5.771,5.683,7.756,8.273,9.861,9.566,11.012,11.147,10.021,11.174,12.978,13.333,15.267,18.457,21.611,31.106,21.275,15.615,14.069,11.364,8.734,6.114,4.292047,2.225096,1.624782,1.924261,-0.1056256,0.428,0.599,0.355,0.312,0.326,0.197,0.509,0.342,0.432,0.396,0.477,
385.000,12.595,8.296,7.256,6.056,6.96,7.592,7.834,10.457,9.32,9.547,9.977,12.396,11.827,13.573,14.71,16.912,17.499,21.139,30.509,22.519,17.95,15.666,11.832,10.007,6.785,5.191122,2.325077,2.164877,2.209052,-0.2304202,0.859,0.449,0.514,0.442,0.378,0.402,0.452,0.291,0.284,0.384,0.211,
386.000,6.293,7.966,8.939,6.39,8.489,8.251,7.811,8.551,9.148,10.353,9.493,11.673,13.136,15.183,16.462,18.441,18.442,22.396,29.621,25.948,20.108,16.811,12.642,10.553,8.373,5.920018,3.155269,2.292423,2.585367,0.562482,0.942,0.312,0.41,0.429,0.372,0.321,0.334,0.28,0.39,0.184,0.418,
387.000,9.029,8.587,7.879,5.466,7.964,6.393,7.904,8.94,9.262,9.975,9.239,12.749,12.873,15.787,16.515,19.545,20.855,22.086,27.916,29.422,20.527,18.886,13.485,11.78,9.145,6.633819,3.955142,3.375534,3.064486,0.5131729,1.215313,0.291,0.538,0.434,0.571,0.389,0.319,0.424,0.336,0.357,0.32,
388.000,7.756,10.102,6.093,5.554,6.593,7.954,9.07,10.026,11.441,10.068,10.977,11.737,12.432,14.131,16.57,19.77,21.329,22.238,26.736,29.364,20.396,18.657,15.775,12.324,8.756,7.720376,4.035629,3.422686,3.368903,-0.3434153,1.155471,0.463,0.332,0.415,0.402,0.41,0.29,0.218,0.391,0.354,0.299,
389.000,12.151,7.822,8.041,5.06,8.809,6.653,7.618,10.365,9.407,9.908,10.999,12.07,14.353,17.735,18.147,20.363,22.636,22.544,27.388,33.715,24.278,20.703,17.415,14.305,10.59,7.728,5.082396,3.541318,3.857502,-0.5755412,1.583835,0.64,0.447,0.497,0.323,0.363,0.442,0.46,0.475,0.35,0.331,
390.000,13.32,10.891,6.487,8.023,7.887,7.779,8.449,9.104,11.181,12.396,11.576,12.035,14.31,15.136,17.685,22.439,24.118,26.137,28.654,40.357,26.388,22.866,19.674,15.967,11.131,9.621,6.038609,4.187439,4.574723,-0.2642267,1.700256,0.721,0.503,0.628,0.472,0.243,0.55,0.417,0.488,0.421,0.352,
391.000,13.805,10.19,7.737,6.208,6.979,7.162,9.173,9.041,11.003,10.477,12.773,13.014,15.241,17.775,19.28,21.29,25.021,26.872,27.987,39.596,29.368,23.922,20.898,16.497,13.249,10.438,7.071183,5.207343,4.999802,0.745795,1.767116,0.847,0.545,0.59,0.455,0.38,0.463,0.262,0.311,0.27,0.541,
392.000,13.613,12.44,7.993,7.858,7.341,7.811,8.381,9.201,8.946,12.428,11.467,14.129,14.013,18.823,20.614,26.427,26.531,28.52,31.314,39.573,34.932,25.973,23.031,19.515,15.805,11.551,8.346039,5.831392,5.668332,0.2247611,1.72121,1.158223,0.475,0.48,0.386,0.429,0.355,0.421,0.365,0.333,0.286,
393.000,14.149,11.301,9.952,8.044,7.586,7.877,9.881,10.804,9.654,11.196,13.318,13.688,16.801,18.181,21.679,26.784,30.157,31.206,33.507,39.395,38.518,29.006,24.503,21.818,16.752,12.473,9.50323,6.970245,6.279811,0.446599,2.048354,1.49081,0.51,0.445,0.402,0.462,0.518,0.552,0.345,0.441,0.581,
394.000,15.935,12.919,10.321,12.459,7.798,8.669,8.841,9.992,9.894,10.894,11.533,16.144,16.285,20.123,24.08,24.892,29.738,33.612,34.973,39.162,40.812,32.244,28.388,23.552,21.084,14.839,10.611,7.802685,6.875236,1.453808,2.394886,1.603895,0.634,0.612,0.338,0.539,0.39,0.344,0.376,0.385,0.334,
395.000,16.091,16.103,9.362,8.606,9.394,9.007,8.836,10.102,11.084,13.143,14.109,14.918,17.025,19.299,23.932,29.331,33.907,36.763,36.696,42.508,46.899,34.646,31.006,25.042,21.383,16.927,12.434,8.943145,7.644609,1.62003,2.303631,1.529078,0.788,0.471,0.348,0.492,0.444,0.346,0.363,0.3,0.492,
396.000,26.693,18.086,10.422,8.306,7.882,7.332,8.579,9.45,11.172,10.568,13.759,15.336,18.586,20.988,26.163,31.163,36.868,40.661,41.374,44.965,52.05,38.906,34.316,28.714,22.942,19.583,14.212,9.955499,8.635157,2.203062,2.790587,1.767882,1.017,0.551,0.523,0.518,0.351,0.543,0.58,0.424,0.463,
397.000,22.929,20.217,13.153,8.957,10.808,9.789,9.568,10.579,10.988,13.399,13.277,17.185,19.419,23.213,26.289,34.563,36.813,42.541,45.288,47.754,53.875,43.709,36.379,31.454,25.534,21.422,15.834,11.07867,9.426661,2.343766,2.981412,2.54779,0.9107133,0.654,0.567,0.574,0.416,0.312,0.499,0.486,0.323,
398.000,25.788,21.616,12.029,9.865,5.565,8.967,10.287,11.096,10.922,13.447,14.507,17.288,19.864,23.505,28.953,36.002,41.811,46.78,49.262,52.216,56.888,47.488,40.427,33.419,30.387,23.871,17.189,12.64595,10.50268,2.628777,3.324745,2.614015,1.233684,0.573,0.366,0.475,0.464,0.415,0.361,0.531,0.275,
399.000,31.823,21.523,16.116,9.757,10.154,8.066,10.144,10.125,12.146,13.606,15.084,14.246,19.546,25.02,29.502,35.8,44.415,47.75,54.448,55.909,61.466,53.408,45.388,38.268,34.04,25.145,20.212,14.017,11.42242,3.657845,3.704186,2.748721,1.34841,0.468,0.527,0.447,0.428,0.367,0.381,0.347,0.327,
400.000,34.552,25.258,17.206,11.526,11.303,8.628,10.786,12.189,12.86,14.994,15.97,16.439,22.594,28.063,33.229,39.193,45.644,55.487,56.6,59.999,63.995,58.463,48.958,42.611,38.088,30.715,21.296,15.091,12.42972,4.656608,4.306813,2.90419,1.489406,0.825,0.514,0.503,0.57,0.376,0.421,0.431,0.354,
401.000,33.512,30.45,16.725,14.643,9.059,9.615,12.342,10.522,12.38,14.539,18.191,21.6,23.195,28.295,36.57,41.992,52.786,58.491,61.685,65.172,69.065,68.861,53.876,47.991,38.722,32.077,25.093,18.012,13.49608,5.807531,4.999828,3.934401,1.681439,0.82,0.562,0.596,0.57,0.448,0.352,0.537,0.321,
402.000,39.237,30.857,24.395,13.99,8.762,10.535,10.553,13.947,13.682,15.236,17.263,19.607,26.285,29.662,38.519,45.61,57.375,64.228,70.166,71.428,73.815,75.047,59.957,53.095,44.931,35.542,28.527,19.382,14.8152,6.561444,5.271018,3.640679,1.812688,0.9590928,0.582,0.469,0.542,0.382,0.403,0.466,0.254,
403.000,44.086,32.894,21.252,14.712,13.597,12.012,12.026,11.892,15.019,15.142,17.532,20.323,25.226,30.437,40.857,53.132,60.69,65.721,74.554,74.916,75.125,79.831,67.983,59.559,50.087,39.152,32.417,24.285,16.14789,7.606243,5.948291,4.26812,2.137141,0.8722682,0.725,0.566,0.345,0.44,0.361,0.399,0.34,
404.000,40.757,35.589,25.786,19.019,12.587,10.174,12.985,12.171,13.984,16.001,20.178,22.38,29.596,35.032,45.173,53.407,65.054,77.338,84.934,82.799,86.582,88.315,75.922,64.13,54.339,44.948,35.221,23.786,17.46,8.63635,6.785582,4.484845,1.915761,1.14458,0.503,0.528,0.338,0.335,0.211,0.42,0.36,
405.000,47.632,38.782,29.165,15.827,11.669,12.937,10.696,9.981,15.887,15.46,20.254,23.371,28.072,37.763,44.595,58.764,69.277,80.756,89.84,92.229,93.27,95.1,81.258,71.411,59.547,49.972,39.549,29.314,18.753,10.65342,7.472583,5.279861,2.503829,1.388617,0.884,0.542,0.391,0.553,0.298,0.46,0.325,
406.000,57.113,51.095,29.362,17.437,12.462,15.022,13.76,12.633,15.275,17.663,20.079,22.764,31.481,40.375,48.784,61.904,75.379,87.263,96.065,99.118,100.047,101.874,88.992,73.739,64.643,55.225,41.997,29.776,20.442,11.96982,8.324984,5.230491,2.343655,1.294639,0.797,0.576,0.395,0.309,0.327,0.258,0.234,
407.000,70.803,53.503,35.663,18.321,15.252,13.429,11.151,13.804,14.451,16.816,21.524,25.088,32.608,43.258,53.561,68.355,80.152,88.154,101.884,106.676,110.005,104.872,95.901,83.842,69.834,60.861,47.116,33.338,21.708,13.92337,8.953132,5.994053,2.516573,1.490789,0.5988893,0.439,0.403,0.37,0.258,0.415,0.424,
408.000,73.872,56.531,31.105,20.005,15.54,16.02,12.578,13.461,16.607,18.593,19.403,27.818,33.899,41.979,54.458,76.044,84.785,101.892,111.786,118.43,117.435,111.988,106.882,89.786,79.44,65.335,53.14,39.36,27.577,15.99,9.669387,6.882987,2.88318,1.856092,1.120134,0.519,0.409,0.223,0.541,0.257,0.444,
409.000,80.23,65.321,37.062,22.746,18.255,13.784,13.234,15.747,17.874,17.804,22.35,27.033,34.967,44.717,57.652,74.973,92.975,104.988,116.514,120.119,122.657,119.464,114.638,100.049,88.347,71.839,55.73,43.208,27.915,17.317,10.52745,6.835245,3.337707,1.914053,0.8265815,0.698,0.364,0.465,0.456,0.444,0.387,
410.000,83.652,67.798,37.12,22.821,17.465,15.828,14.302,15.936,16.416,18.288,22.51,30.632,37.146,50.371,62,82.345,97.159,112.767,124.101,130.779,134.251,126.6,124.188,110.347,89.953,75.051,62.559,45.817,31.331,21.361,12.32201,7.264157,3.429814,2.107858,0.9272756,0.822,0.632,0.374,0.382,0.429,0.365,
411.000,82.533,71.015,45.566,30.124,19.694,15.209,17.305,15.948,19.657,20.745,22.677,28.97,40.522,50.167,65.829,86.164,105.262,122.74,137.194,139.863,141.757,134.114,130.996,114.691,100.175,85.506,65.986,50.511,35.731,22.93,12.77045,8.352053,4.006614,2.316683,0.8221014,0.794,0.366,0.294,0.543,0.422,0.281,
412.000,92.563,80.499,45.114,29.855,20.928,17.232,17.278,16.497,19.543,21.879,24.991,31.461,42.62,51.217,70.496,88.563,112.889,129.182,141.437,148.987,150.368,141.914,141.092,123.782,105.482,89.448,70.326,53.221,39.34,24.715,14.02411,9.090324,4.332873,2.439822,1.628446,0.921497,0.705,0.43,0.303,0.428,0.416,
413.000,103.85,88.996,49.839,27.314,17.203,18.134,16.591,15.853,17.505,23.808,28.715,32.783,45.759,56.491,73.069,96.422,111.967,135.877,147.555,155.693,155.707,151.246,140.832,130.344,112.996,96.578,77.749,56.996,41.69,26.493,15.42077,9.436557,4.758356,2.699379,1.248499,1.002169,0.432,0.521,0.355,0.478,0.269,
414.000,104.047,88.929,48.068,30.18,18.718,19.592,15.198,17.626,20.994,21.272,28.166,35.826,41.294,60.088,76.389,100.039,118.042,141.602,155.58,167.73,164.408,158.541,152.92,140.816,121.072,102.155,82.929,63.164,44.004,29.446,16.666,10.27959,4.718,2.760369,1.511827,1.046067,0.417,0.449,0.482,0.387,0.311,
415.000,115.07,99.561,52.937,34.907,21.994,19.204,15.819,18.03,16.462,22.826,29.063,33.982,46.615,63.912,78.546,102.075,126.344,145.716,166.939,169.92,176.062,167.815,157.106,147.677,128.494,109.616,87.53,68.122,47.122,30.518,18.445,11.34621,5.376532,3.473321,1.756172,1.138802,0.457,0.294,0.428,0.408,0.525,
416.000,116.202,99.261,58.716,39.322,23.806,21.518,21.165,16.271,21.172,22.857,29.362,39.913,45.852,64.096,84.332,109.121,132.535,151.183,171.301,180.788,184.75,176.757,164.497,158.598,136.311,115.14,95.086,69.542,50.455,34.477,19.96,11.99435,5.81693,3.487175,2.045952,1.173342,0.58,0.468,0.314,0.395,0.437,
417.000,132.505,109.213,55.616,35.264,25.051,22.234,18.664,18.097,19.196,24.578,29.364,37.208,50.209,62.168,84.74,113.28,142.371,156.612,179.604,186.898,192.898,181.522,170.962,166.709,143.555,122.643,97.501,76.32,52.69,35.362,22.016,12.87887,6.03837,3.661479,2.259836,1.217814,0.5701804,0.386,0.386,0.333,0.34,
418.000,135.355,108.517,63.841,36.996,26.842,20.785,20.372,18.379,21.65,26.691,29.515,38.547,49.024,65.503,85.524,112.965,142.436,167.183,186.002,192.825,199.66,190.604,175.941,169.89,147.365,128.851,103.883,80.245,58.014,39.218,22.407,13.47637,6.578181,4.103456,2.080325,1.363305,0.336196,0.578,0.376,0.344,0.443,
419.000,141.185,122.042,70.355,41.134,27.26,21.386,21.389,20.418,20.043,24.742,28.448,38.849,50.966,68.167,91.643,121.296,140.794,167.139,192.97,203.272,207.354,197.103,187.338,178.309,159.673,130.681,109.031,84.786,62.848,39.805,25.708,15.02,7.250621,4.483055,2.147379,1.252378,0.5096259,0.607,0.347,0.333,0.338,
420.000,147.219,118.253,69.217,41.984,28.242,23.382,19.231,18.006,22.038,24.949,31.954,41.803,53.25,67.679,91.656,120.848,151.268,177.363,197.903,212.561,211.951,207.553,194.054,183.549,167.828,141.529,113.672,90.724,64.069,44.241,26.572,15.572,8.038305,4.737083,2.707839,1.39034,0.6052049,0.653,0.451,0.319,0.296,
421.000,149.604,114.583,74.13,44.102,30.982,21.588,19.043,21.441,22.942,25.674,31.129,41.928,55.593,74.363,98.21,125.549,155.616,182.732,206.453,218.974,218.442,211.777,196.622,192.071,174.338,144.074,119.014,93.099,67.971,43.999,27.794,15.789,8.615034,5.064781,2.283619,1.432869,0.3032465,0.522,0.347,0.458,0.295,
422.000,156.298,133.639,83.164,43.142,30.942,24.912,19.672,21.657,23.172,25.823,31.112,40.198,56.412,75.078,96.451,125.737,160.927,188.011,210.81,226.417,222.274,219.106,211.428,193.434,183.105,151.742,124.637,96.99,71.762,47.316,27.304,18.141,9.507865,5.272644,2.568142,1.506362,0.08082272,0.6192731,0.535,0.426,0.342,
423.000,157.952,143.379,78.247,48.134,30.467,25.881,23.256,22.344,19.763,27.681,34.518,40.988,55.824,77.168,100.738,131.048,163.65,193.13,216.659,227.177,232.227,231.289,217.664,202.893,188.936,159.112,128.101,103.405,76.055,51.549,30.01,17.886,9.896727,5.651155,2.856643,1.565944,0.4850557,0.698204,0.482,0.352,0.304,
424.000,167.799,141.774,83.227,47.136,34.135,24.781,21.988,21.439,22.203,27.91,30.507,44.328,58.618,79.7,103.514,134.275,166.988,193.468,222.169,236.372,236.948,237.268,227.604,208.091,188.959,163.046,134.61,103.744,76.585,50.775,31.986,19.092,10.861,5.862882,2.952805,1.604598,0.8318963,0.7962139,0.377,0.404,0.362,
425.000,172.014,150.59,80.638,55.78,34.286,26.18,19.594,23.4,23.125,26.82,32.128,43.403,58.082,77.475,103.484,140.154,169.314,204.662,226.6,244.111,248.008,244.543,226.285,212.447,198.113,172.453,144.158,110.496,80.781,55.286,35.617,20.585,11.383,6.273506,3.044928,1.689768,0.788899,0.7143909,0.54,0.382,0.32,
426.000,183.292,154.999,90.102,51.369,33.972,28.635,26.003,22.422,23.471,28.776,35.3,44.5,61.741,81.401,110.925,139.056,180.65,208.451,230.257,251.513,253.905,250.329,231.332,221.164,204.496,175.134,143.626,114.393,83.984,56.39,35.351,20.659,12.985,6.484388,3.437004,1.758601,0.8974361,0.8723129,0.606,0.356,0.33,
427.000,186.871,154.156,100.399,52.491,35.784,29.354,22.227,21.175,24.927,28.887,35.635,46.998,61.627,82.568,104.852,147.352,176.879,211.049,237.239,254.632,258.339,258.519,237.341,223.042,205.523,181.453,149.557,116.514,89.011,60.276,37.133,21.585,13.098,6.987023,3.669347,1.844863,0.7594338,1.025182,0.5412405,0.501,0.428,
428.000,184.993,165.986,93.69,54.327,34.233,29.063,24.976,20.967,23.116,27.194,35.231,42.608,61.791,86.516,112.292,144.955,182.767,220.796,242.344,256.595,263.884,260.603,244.898,228.895,209.843,192.937,157.777,122.023,93.614,62.007,37.366,22.807,13.494,7.153148,4.081789,1.973147,0.7279093,0.7621965,0.4132532,0.33,0.49,
429.000,193.151,156.171,93.738,55.306,38.521,29.658,21.87,22.771,25.337,29.516,36.39,47.618,61.963,87.664,114.279,147.129,185.978,217.976,245.74,266.942,270.579,268.037,253.4,238.918,217.83,197.052,160.593,125.324,93.668,64.701,39.034,24.688,13.562,7.572,4.165128,2.076993,1.43135,1.011089,0.683654,0.462,0.359,
430.000,196.537,169.423,101.643,58.036,40.595,31.85,27.946,23.249,24.927,29.099,37.213,44.839,65.639,83.638,113.335,154.662,189.213,224.054,252.291,265.091,272.457,271.692,256.903,241.465,221.356,199.257,164.277,127.273,94.639,66.319,41.372,25.523,15.956,8.075,4.0972,2.160048,1.194603,1.0271,0.6743793,0.574,0.528,
431.000,206.924,185.364,102.762,57.237,40.943,29.394,24.078,22.052,24.815,28.996,35.802,47.112,67.023,89.58,114.692,154.66,195.144,225.642,260.491,276.618,279.357,273.826,259.158,246.448,226.463,204.047,170.354,131.549,100.169,67.527,42.296,26.461,15.345,8.234,4.553159,2.312579,1.272587,1.149276,0.7492438,0.368,0.31,
432.000,199.239,184.268,103.666,63.957,40.961,31.227,28.478,25.821,25.753,30.823,36.932,47.524,65.554,85.761,116.68,155.543,191.761,231.828,260.672,277.483,285.761,281.671,262.121,254.237,231.731,208.015,175.445,138.314,103.875,69.485,45.389,28.196,16.362,8.739,4.57079,2.457023,1.164593,1.025698,0.8190187,0.4988241,0.276,
433.000,217.395,188.889,105.926,61.197,43.614,31.029,25.2,23.652,26.073,33.141,36.278,48.366,64.868,89.946,119.783,156.938,192.669,232.286,263.963,283.739,293.848,281.507,270.788,256.537,238.04,212.979,179.946,139.859,103.979,73.638,45.664,28.756,15.974,9.26,4.584897,2.624189,1.275988,1.209059,0.8621807,0.2220492,0.399,
434.000,215.967,182.925,105.134,64.91,46.381,35.919,28.51,23.491,24.94,27.812,36.437,46.635,67.522,91.409,120.48,158.928,202.742,232.774,270.661,286.548,289.92,286.263,274.627,264.162,237.813,208.904,182.423,141.99,107.504,72.637,46.643,30.042,17.694,9.589,5.062,2.800717,1.288968,1.347561,0.8345608,0.6269241,0.459,
435.000,220.13,181.223,108.435,62.97,44.531,31.209,26.794,25.613,25.22,28.64,39.898,48.226,66.227,90.958,124.219,163.926,205.206,234.828,267.236,291.738,293.418,294.018,276.847,264.227,243.977,213.187,185.311,144.443,109.94,74.697,47.744,30.292,18.368,9.779,6.2,3.098188,1.914515,1.344838,0.8925045,0.5979371,0.427,
436.000,220.317,190.262,112.029,68.002,47.782,30.155,26.429,22.289,26.163,32.99,37.723,49.782,66.276,88.073,118.066,163.8,203.298,240.488,275.038,293.403,300.397,295.992,284.74,264.874,246.373,217.321,187.051,150.801,110.253,75.218,50.113,31.714,17.947,11.101,6.003,3.315252,2.155929,1.204104,1.004346,0.45039,0.396,
437.000,221.787,190.113,119.07,72.112,43.007,36.382,26.768,24.597,27.205,30.681,40.346,49.307,65.797,92.208,123.061,159.969,204.036,239.886,270.087,297.609,303.843,298.767,287.494,272.498,247.885,221.299,189.206,150.98,110.838,77.567,49.655,30.59,18.987,9.716,5.786,3.484691,1.934128,1.224002,1.190049,0.5714692,0.2991226,
438.000,236.288,190.7,116.775,68.177,43.265,33.117,25.876,27.309,25.86,31.633,40.046,49.121,67.838,94.071,124.318,164.719,206.28,246.915,278.495,298.154,309.043,304.179,290.32,278.636,247.731,222.75,197.91,150.598,115.058,81.052,52.101,31.986,19.651,11.502,6.534,3.745234,2.433681,1.367797,1.147211,0.4221556,0.5436942,
439.000,225.391,207.778,115.205,70.777,47.493,33.325,28.204,26.845,23.925,29.779,36.423,48.57,70.601,92.223,124.713,169.053,206.512,241.657,277.454,298.045,307.487,301.492,296.737,276.589,249.013,226.969,193.485,156.68,117.899,79.801,52.902,32.334,19.712,11.481,6.358,4.125,2.476864,1.587675,1.454481,0.6370854,0.6029468,
440.000,227.348,208.125,120.086,70.902,48.204,35.112,28.337,25.195,25.647,30.203,37.402,49.75,70.342,94.4,123.618,168.919,207.498,245.477,283.321,304.631,315.301,305.063,294.704,276.892,259.643,228.487,197.036,159.25,119.184,80.655,53.601,34.579,21.024,11.671,6.885,4.453,2.783805,1.57555,1.169288,0.5798043,0.5339671,
441.000,228.856,200.351,117.787,71.405,44.941,33.989,29.962,23.415,26.574,30.044,40.191,50.806,70.029,93.248,125.626,165.318,213.727,251,285.948,307.42,316.554,310.543,294.354,281.709,260.533,229.21,199.383,161.791,119.22,84.429,53.056,36.404,21.083,12.331,7.545,4.766,2.541011,1.646723,1.577472,0.8904546,0.6352888,
442.000,243.989,212.209,116.229,66.562,46.544,36.411,30.629,27.79,25.313,31.446,36.884,48.223,69.835,93.991,129.298,167.716,210.489,253.273,286.654,304.01,313.224,308.754,295.578,287.229,258.314,231.587,199.948,160.825,119.27,85.229,55.221,35.465,22.285,12.484,7.971,5.154,3.136346,1.838911,1.802538,0.6000756,0.6226105,
443.000,226.646,206.478,123.426,70.985,48.193,34.464,27.271,26.879,26.587,32.116,37.566,49.152,69.755,93.08,129.53,169.305,210.661,252.379,285.307,310.382,316.423,310.584,299.763,287.719,265.962,234.132,198.269,164.729,124.307,85.796,54.615,37.168,22.968,12.601,7.998,4.95,3.226955,2.02004,1.64926,0.844485,0.6504773,
444.000,249.209,213.381,122.281,67.342,45.219,35.19,26.551,24.681,26.461,32.822,37.85,50.922,71.335,92.295,125.084,166.966,211.966,253.964,284.365,308.986,317.756,312.928,307.426,286.744,267.877,233.183,203.5,168.463,127.085,88.388,58.591,36.949,22.955,13.167,8.387,5.203,3.871,2.061706,1.576592,0.9446618,0.7643299,
445.000,247.659,203.468,114.964,72.314,47.02,31.298,29.03,26.523,26.559,32.554,37.847,49.341,70.556,92.236,127.781,170.876,213.654,250.977,288.102,305.959,317.414,311.016,302.072,286.984,265.995,235.024,202.168,167.595,128.395,88.717,56.749,37.796,23.111,14.718,8.668,5.365,3.296,2.192426,2.042947,0.9687978,0.867789,
446.000,233.739,220.252,135.857,73.303,49.623,35.362,29.219,25.879,26.825,31.141,38.601,50.535,69.477,95.089,128.217,165.547,213.225,253.458,287.599,309.831,316.925,316.779,301.32,290.702,263.516,239.534,205.793,167.692,129.65,87.138,58.892,39.365,24.033,13.894,8.691,5.698,3.976,2.488306,1.960294,1.343625,0.7711989,
447.000,235.707,204.709,124.992,76.302,46.503,36.655,26.596,24.043,25.547,29.599,38.68,48.959,68.074,91.798,126.301,165.627,209.952,252.826,286.322,311.171,314.777,318.612,306.269,288.18,269.439,236.06,204.536,168.563,127.688,88.43,60.073,38.823,25.424,14.529,9.43,5.328,3.97,2.583152,2.076944,1.092124,0.9376146,
448.000,242.868,223.19,135.762,74.733,45.586,36.618,28.06,26.279,27.231,32.896,40.727,47.981,69.201,91.283,124.948,170.19,209.369,257.579,291.168,310.121,317.771,315.002,304.736,293.235,267.652,239.598,207.449,168.527,128.945,88.775,60.335,38.924,24.673,15.836,9.707,6.154,3.544,2.563295,2.073893,1.087762,1.021608,
449.000,242.746,205.315,132.998,72.063,51.263,38.217,28.619,25.19,25.639,29.204,35.291,49.978,66.756,94.324,128.218,170.027,214.654,244.461,289.258,308.553,317.209,314.885,303.943,294.113,269.209,242.109,209.936,170.431,130.351,91.804,59.069,38.578,25.675,15.57,10.112,6.347,3.784,2.607,1.976465,1.277626,1.008282,
450.000,233.421,232.116,126.261,71.898,46.498,36.561,28.705,25.801,27.965,30.117,35.072,49.203,67.124,90.423,125.833,168.117,211.361,253.699,285.62,303.879,317.863,311.797,299.765,289.309,266.247,237.906,206.132,171.211,132.554,91.79,61.072,41.08,25.522,15.894,10.381,6.794,4.185,2.894,1.871503,1.287542,1.042541,
451.000,244.17,212.43,130.481,73.15,48.024,38.805,28.848,28.398,26.445,30.077,38.307,48.509,68.096,95.715,124.689,164.637,211.438,247.311,280.162,308.705,313.474,314.346,307.775,289.557,267.172,243.755,204.275,167.702,129.326,93.339,59.282,40.718,26.144,16.396,10.584,7.341,4.301,3.281,2.326932,1.474276,0.9638845,
452.000,254.021,227.353,133.255,71.795,48.031,34.011,28.97,26.569,26.376,30.021,38.705,48.592,69.786,92.188,124.983,166.105,209.952,250.182,278.712,306.537,315.411,311.251,303.744,294.101,268.175,242.641,206.562,167.585,133.053,93.046,62.389,41.491,26.841,16.512,11.27,7.228,5.053,3.298,2.579504,1.505371,1.088681,
453.000,241.989,213.06,134.133,74.31,48.439,35.882,26.017,25.908,26.172,28.189,36.247,47.561,68.097,90.74,125.489,166.941,207.919,243.029,281.354,308.246,314.585,316.076,300.391,287.68,266.763,237.196,205.356,165.415,131.574,96.429,63.089,42.208,26.407,16.467,11.192,7.744,4.761,3.323,2.45407,1.340402,1.197684,
454.000,239.389,208.851,131.544,73.477,50.766,33.94,29.509,27.186,23.698,30.57,36.545,47.818,69.419,87.826,124.209,162.502,206.636,246.97,281.055,305.767,312.846,309.35,301.019,291.252,265.792,241.962,201.138,166.572,130.293,93.968,61.711,42.317,26.112,17.567,11.44,7.393,4.592,3.408,2.429,1.649009,1.328977,
455.000,235.565,211.889,127.053,72.826,48.376,40.209,26.354,25.198,23.276,29.376,37.936,46.4,70.424,89.507,122.408,162.026,206.109,245.06,280.289,302.019,314.205,314.356,301.174,287.285,265.89,240.726,203.391,167.134,129.872,94.331,63.98,41.016,27.631,17.638,11.619,8.266,5.991,3.525,3.058,1.730057,1.351206,
456.000,224.626,227.763,126.598,75.149,51.037,38.964,30.522,26.932,26.299,31.416,36.385,47.025,64.098,89.709,122.211,159.492,203.135,243.006,277.058,297.417,309.054,305.835,296.968,284.404,258.204,233.691,203.846,166.354,126.361,96.502,64.1,40.225,27.58,17.976,11.954,8.614,5.622,3.942,2.863,1.766867,1.2979,
457.000,249.671,207.601,134.333,76.648,48.277,40.441,31.229,27.146,25.472,30.59,38.408,47.06,65.568,89.717,120.135,157.52,205.678,244.059,277.278,298.588,308.467,306.867,291.358,284.304,260.446,235.511,203.047,167.059,128.723,95.328,63.202,41.975,27.996,18.021,12.096,8.351,6.36,3.98,2.678,1.950373,1.394577,
458.000,225.717,205.293,127.478,73.109,48.162,38.198,27.677,23.326,25.098,27.416,36.654,48.904,66.448,86.011,118.623,157.657,196.851,237.553,273.974,293.842,295.479,303.641,290.283,279.645,262.443,233.108,203.952,165.194,127.919,96.304,61.618,42.448,28.098,19.115,12.731,8.598,6.172,4.082,2.95,2.0028,1.334683,
459.000,234.775,206.666,124.942,71.06,47.754,37.325,29.261,26.677,25.339,32.835,33.929,46.481,60.874,89.026,112.873,155.911,198.856,235.08,267.805,292.216,298.594,299.694,291.687,278.2,259.965,236.47,200.491,164.039,126.371,94.991,65.464,41.914,29.051,18.925,14.258,9.245,6.34,4.536,3.16,1.885,1.471396,
460.000,221.65,209.233,128.689,74.708,53.798,34.094,28.946,24.777,26.313,27.554,34.69,45.867,63.11,87.078,116.229,155.312,195.955,230.975,267.266,289.137,297.226,297.235,285.019,276.26,256.039,229.171,200.814,166.958,126.916,97.188,66.026,43.489,30.656,19.714,13.161,9.469,6.944,4.746,3.424,1.98,1.504877,
461.000,229.974,200.782,128.958,72.511,48.149,36.956,30.116,23.497,24.886,28.621,34.89,45.708,61.713,82.522,110.222,150.661,196.89,231.234,267.883,282.422,293.837,293.094,284.866,276.368,253.719,231.069,198.84,160.593,127.871,90.233,65.116,43.619,28.912,19.134,13.36,9.505,6.995,5.141,3.477,2.572,1.677656,
462.000,221.575,200.072,127.029,77.539,53.75,38.929,27.252,24.764,25.433,25.953,35.436,45.348,62.055,82.518,114.966,151.331,194.119,224.422,255.4,281.52,290.149,292.273,279.289,269.812,252.268,222.85,195.86,159.63,126.942,91.484,63.43,42.368,29.851,20.115,13.957,9.873,7.007,4.967,3.01,2.155,1.545517,
463.000,221.784,200.27,127.607,71.666,49.612,38.935,26.663,23.685,23.377,28.602,36.91,44.3,61.257,83.187,109.962,151.419,193.537,224.422,253.304,279.744,292.409,287.457,280.722,266.205,248.073,225.21,191.808,160.182,121.856,90.667,65.639,44.723,29.313,19.318,13.809,9.696,6.842,5.366,3.187,2.502,1.69288,
464.000,231.637,200.6,122.157,69.013,47.064,40.489,27.951,22.51,25.292,24.271,34.163,42.686,61.171,82.977,113.843,151.986,187.283,220.504,250.179,273.42,283.234,281.882,276.65,265.71,247.221,220.155,193.307,160.161,126.148,90.861,63.373,45.119,29.667,20.531,14.435,10.231,7.393,4.993,3.85,2.568,1.643,
465.000,220.352,197.416,112.745,74.796,52.931,33.282,30.593,23.673,23.805,28.28,33.727,42.765,59.527,83.182,111.809,146.285,181.951,215.799,246.263,271.155,277.185,279.871,270.666,257.057,244.385,220.71,187.502,160.347,120.727,88.641,64.816,44.486,30.078,20.613,13.213,10.259,7.179,5.354,4.439,2.296,1.889,
466.000,222.765,176.736,115.389,74.212,48.783,37.095,30.386,24.819,24.569,29.014,31.547,42.934,57.065,79.305,106.964,140.982,182.306,216.349,247.535,266.438,278.885,274.414,270.854,255.127,248.31,218.143,188.867,155.034,122.187,88.718,62.231,44.589,29.494,20.537,13.529,11.176,7.587,5.325,4.098,2.482,1.805,
467.000,213.646,189.051,112.096,67.535,48.473,36.628,25.862,25.813,22.151,26.559,33.969,41.171,58.507,79.866,103.982,142.816,177.892,211.75,242.886,268.039,275.553,274.423,266.637,253.776,236.799,219.554,187.12,152.018,120.167,87.229,63.257,43.193,28.791,20.863,14.701,11.097,7.695,5.356,3.459,2.426,1.878,
468.000,211.854,188.363,119.056,71.621,47.439,35.259,28.504,23.134,22.604,25.857,30.07,39.239,56.663,79.528,100.73,141.446,174.803,204.098,235.49,261.247,271.897,266.108,265.922,252.203,231.791,211.915,186.268,150.202,117.72,86.711,61.103,43.509,29.402,20.974,14.488,10.755,7.849,5.671,3.758,2.842,1.659,
469.000,206.361,187.81,110.584,68.911,41.615,37.052,28.397,23.552,22.494,26.651,31.087,40.885,57.92,77.376,104.491,132.933,172.488,201.499,239.856,257.105,265.886,269.46,254.427,247.461,232.511,210.525,184.177,152.917,118.251,87.261,62.691,44.081,29.931,20.207,15.094,10.73,8.465,5.455,4.141,2.951,1.667,
470.000,202.509,184.321,112.362,67.418,48.735,36.471,27.356,24.879,22.971,26.739,30.753,43.543,56.48,72.265,102.047,134.105,173.791,203.24,231.303,257.289,262.829,265.377,251.893,247.728,231.209,208.653,178.885,148.17,114.351,86.409,59.057,44.888,30.759,20.698,15.168,10.699,7.465,5.887,3.915,3.013,1.68,
471.000,198.135,179.357,112.332,70.617,47.654,38.036,24.15,20.25,23.703,26.341,29.301,39.466,57.093,72.686,99.307,132.154,165.171,201.2,234.719,248.644,256.225,253.67,254.542,238.451,225.042,205.568,176.818,142.358,115.577,85.582,59.058,43.54,29.069,20.061,15.081,11.4,8.286,6.168,4.046,3.041,1.868,
472.000,189.017,183.205,117.97,67.924,45.116,38.157,28.882,22.893,23.67,27.207,31.877,39.602,52.085,69.507,97.599,132.621,161.771,193.701,226.554,247.525,256.773,260.238,241.684,237.459,221.881,200.602,177.826,142.721,114.052,84.026,59.148,40.938,28.96,20.476,15.238,10.518,8.034,5.735,4.562,3.123,2.112,
473.000,203.953,172.929,109.951,67.597,44.718,34.746,27.206,22.575,23.228,24.57,30.776,36.898,54.373,71.405,93.36,132.271,164.975,187.898,221.423,243.028,251.994,250.72,242.572,237.556,218.825,196.472,173.043,141.741,112.752,82.495,56.619,41.625,31.664,20.165,15.469,10.939,8.99,6.23,4.419,3.212,1.889,
474.000,193.21,169.862,101.575,60.809,42.773,37.945,24.428,20.735,22.941,24.634,29.408,37.35,53.088,69.278,92.843,129.866,163.022,189.053,210.392,235.917,245.353,244.848,238.886,227.662,215.222,190.261,168.413,139.392,111.301,81.809,57.697,42.204,29.673,21.147,14.754,11.254,8.195,6.009,4.463,3.367,2.128,
475.000,185.483,173.978,103.833,62.257,46.077,33.31,26.495,22.677,21.449,23.069,27.526,37.642,51.379,67.503,96.568,125.853,153.672,183.644,212.563,230.908,239.971,242.504,236.497,227.961,213.35,193.019,166.681,138.608,108.05,80.33,56.606,41.294,29.961,21.003,15.669,11.91,9.449,6.509,4.554,3.058,2.065,
476.000,192.761,164.804,108.24,69.606,42.788,35.091,27.285,21.06,21.681,22.024,30.601,38.712,52.61,66.323,91.352,120.053,152.479,180.825,212.852,226.744,235.084,238.256,231.535,221.503,206.37,185.261,162.155,139.872,106.21,78.923,56.737,41.827,29.638,21.511,13.972,11.743,8.335,6.632,4.954,3.291,2.19,
477.000,178.879,169.368,98.455,64.556,43.243,31.339,26.348,21.884,19.592,22.627,27.226,35.391,46.803,68.69,87.701,118.396,147.376,180.427,206.198,225.787,233.534,232.599,221.233,219.248,204.219,187.76,160.75,134.392,105.317,78.679,56.564,40.605,30.493,21.027,15.076,11.471,8.5,6.107,4.467,3.137,2.443,
478.000,178.181,162.318,93.73,57.498,39.496,32.516,23.056,18.809,20.247,23.852,29.081,36.72,46.764,64.367,88.986,114.953,145.795,174.991,202.403,218.181,226.02,225.381,222.802,214.002,202.041,180.312,157.285,129.43,102.523,77.766,55.462,39.713,29.458,21.827,15.339,11.379,8.636,6.271,4.733,3.168,1.96,
479.000,181.02,160.812,101.546,63.765,39.547,31.554,25.396,22.773,19.47,22.166,26.988,36.315,48.982,62.099,84.415,116.913,140.733,169.19,198.947,214.356,223.053,217.783,214.956,208.658,194.709,178.64,154.768,129.484,100.967,75.982,54.311,38.486,27.495,21.102,15.011,11.168,8.2,5.954,4.235,3.311,2.326,
480.000,158.767,158.542,93.468,65.039,41.099,33.539,24.069,18.423,20.834,22.992,25.146,32.444,46.822,60.369,84.153,117.665,141.531,171.979,191.081,208.916,220.217,221.349,215.008,201.986,191.832,174.746,150.018,125.372,101.374,76.91,52.856,39.233,28.568,20.573,15.265,11.503,9.282,7.402,4.801,3.431,2.13,
481.000,169.499,158.28,93.297,58.789,44.872,33.316,24.13,20.725,21.375,22.228,22.667,32.078,46.74,62.694,80.364,111.736,140.153,164.303,194.284,206.715,211.57,212.624,211.862,203.279,192.5,171.846,149.228,122.906,98.988,73.235,51.121,39.052,28.27,21.092,15.002,11.328,8.844,6.361,4.599,3.544,2.257,
482.000,173.286,152.295,94.245,58.157,39.746,31.479,24.259,18.932,19.596,21.375,26.549,34.159,43.842,60.336,84.865,109.486,137.104,161.727,185.048,201.329,207.729,213.876,204.107,194.619,182.428,167.365,149.647,120.049,100.203,71.534,50.926,38.14,28.165,22.994,14.504,11.657,9.032,6.674,4.708,3.312,2.969,
483.000,169.443,152.992,90.891,57.6,37.729,33.183,21.272,19.634,18.551,21.164,23.965,31.713,45.226,58.375,79.939,103.314,133.774,162.773,181.112,198.772,202.813,206.398,205.433,193.104,180.424,164.401,142.983,121.676,92.918,73.018,50.187,37.425,26.521,21.106,15.637,11.468,8.747,6.545,4.728,3.408,2.594,
484.000,158.818,141.67,91.145,56.733,37.066,33.94,21.899,20.781,17.282,20.005,24.877,34.114,43.105,55.527,74.149,106.679,128.305,156.216,179.578,194.206,198.904,203.47,192.322,192.244,178.713,161.662,139.814,118.149,92.025,70.683,48.951,37.034,26.75,22.148,16.172,11.96,8.081,6.874,5.087,3.547,2.232,
485.000,159.147,141.193,83.863,58.475,37.451,30.465,23.016,18.402,20.266,22.103,24.238,30.474,44.804,56.564,76.144,101.375,126.31,154.849,177.912,189.421,199.784,200.218,193.727,185.871,174.844,158.37,135.954,115.449,91.536,67.645,48.788,35.923,24.928,20.208,15.996,11.228,9.057,7.008,4.671,3.658,2.545,
486.000,156.191,140.931,87.366,58.178,39.8,30.214,22.45,18.994,17.537,18.744,24.372,31.76,43.243,54.695,73.525,95.77,127.286,148.795,173.02,183.458,194.154,195.387,187.692,180.008,171.14,154.521,135.666,115.875,89.446,68.525,49.7,35.319,25.351,20.861,15.892,11.001,9.06,6.757,4.667,3.457,2.523,
487.000,144.3148,136.551,86.995,51.702,40.277,29.735,22.067,19.607,18.257,21.052,23.527,29.157,41.339,54.908,75.995,99.513,120.992,148.632,167.236,180.132,189.306,189.45,184.189,177.664,167.817,154.342,133.523,110.113,89.265,67.645,46.958,35.436,26.088,19.688,15.77,11.535,9.031,6.371,4.676,3.617,2.379,
488.000,138.1467,133.852,85.186,50.627,37.475,30.994,22.588,19.394,17.252,19.893,22.502,29.643,38.585,50.63,70.709,99.832,120.423,149.209,162.184,176.703,185.27,184.809,180.308,177.368,165.197,152.349,129.877,108.243,87.034,65.572,48.068,35.794,25.723,19.932,16.789,11.442,8.792,7.104,5.098,3.804,2.587,
489.000,142.4122,131.751,82.8,54.89,35.178,28.303,21.615,19.097,15.767,18.768,24.978,28.039,38.353,52.506,70.651,93.659,116.198,138.379,160.29,178.062,180.671,182.565,173.342,173.582,162.933,145.807,128.357,108.617,85.956,63.466,45.274,36.45,25.834,18.227,16.143,11.942,8.169,6.793,5.033,3.424,2.547,
490.000,128.7862,138.385,79.207,50.739,37.622,27.433,22.691,17.555,16.78,19.011,22.123,28.039,38.591,53.151,66.16,90.972,117.717,135.531,160.525,169.562,180.622,179.175,172.18,168.41,156.048,143.318,126.718,106.012,86.906,64.787,46.88,32.976,23.295,20.043,15.173,11.492,9.32,6.363,5.154,3.397,2.529,
491.000,135.1556,132.877,81.403,52.567,36.087,26.04,18.267,15.299,16.459,18.335,21.668,28.207,36.549,51.034,67.493,89.81,111.451,134.829,151.5,169.799,170.066,172.579,163.863,163.041,154.971,140.664,122.923,101.119,82.893,61.03,45.37,33.52,23.359,18.242,15.76,11.461,8.96,6.914,5.796,3.612,2.607,
492.000,128.7319,117.57,77.52,45.218,34.075,27.895,18.976,15.112,15.72,18.387,21.17,24.276,36.314,49.228,63.955,85.286,111.723,128.953,146.381,162.633,168.493,169.099,163.031,160.031,150.083,137.08,121.915,101.174,79.451,63.535,43.624,32.465,24.288,18.287,15.82,11.631,8.521,6.427,5.376,4.2,2.994,
493.000,124.17,130.626,75.07,50.158,32.068,30.198,19.058,14.88,15.334,18.789,20.984,27.063,37.251,46.325,62.971,84.004,107.912,124.525,145.176,157.856,164.072,165.343,162.297,158.865,149.133,136.712,117.636,97.71,79.087,59.049,41.484,31.381,23.973,17.636,14.806,12.203,8.398,7.173,5.098,3.751,2.757,
494.000,123.5349,127.283,69.118,47.305,33.141,27.745,21.924,16.923,14.417,17.438,21.467,26.217,35.529,45.724,60.196,82.656,103.699,122.808,146.257,157.699,161.985,165.359,159.777,155.498,145.543,133.104,115.241,95.244,74.529,56.374,42.751,30.639,24.342,17.538,15.325,12.157,8.539,6.799,4.801,3.393,2.739,
495.000,122.6166,114.239,70.408,43.812,33.028,23.755,18.626,16.444,15.61,17.217,21.443,26.558,34.556,43.492,61.267,78.152,101.677,116.528,141.512,149.25,154.913,158.326,153.168,149.705,141.372,127.549,112.999,95.954,75.403,55.464,40.617,29.883,22.987,17.581,14.078,12.539,8.886,7.091,4.87,3.266,2.714,
496.000,115.9188,108.96,69.327,43.298,34.186,23.943,19.755,15.681,14.82,16.121,20.222,24.45,34.301,45.273,57.728,77.253,97.85,118.792,138.331,148.727,151.202,148.263,153.198,146.391,137.836,122.338,109.709,93.737,76.761,57.463,41.312,29.63,23.364,18.297,14.004,11.767,8.484,6.769,4.72,3.832,2.953,
497.000,112.585,107.9076,77.661,43.438,30.527,25.615,17.985,13.423,14.552,17.9,19.163,22.409,33.368,44.68,58.512,79.273,96.994,116.848,129.24,143.592,152.867,150.875,147.272,141.672,135.708,121.928,106.334,90.655,70.038,55.155,41.442,29.878,23.536,16.135,13.021,11.451,9.262,6.076,5.32,3.684,2.872,
498.000,105.6889,115.7671,67.413,40.946,33.875,25.367,16.093,15.31,14.521,16.192,17.825,22.612,33.037,39.964,57.692,75.027,95.325,114.699,129.988,142.54,145.284,146.203,142.673,137.505,131.854,118.621,106.438,85.393,72.518,54.358,39.487,29.67,21.367,15.756,13.494,11.561,9.13,6.589,4.863,3.853,2.491,
499.000,110.6533,109.7524,70.113,42.498,30.897,21.331,16.495,15.523,13.968,16.438,18.954,23.389,30.797,42.249,51.6,74.163,92.236,111.004,126.009,135.557,141.966,143.877,141.393,134.611,128.701,115.962,102.33,86.737,69.558,51.49,38,28.912,21.82,15.702,13.122,11.656,9.047,6.709,5,4.205,2.549,
500.000,100.3555,104.9571,61.731,40.393,32.026,25.562,15.869,15.873,12.73,14.365,18.038,22.519,28.744,38.207,52.178,70.501,87.761,105.94,118.875,132.371,141.811,142.273,139.804,134.174,123.308,112.564,99.088,82.314,66.011,50.212,37.611,27.156,20.752,15.358,12.893,11.992,9.548,6.306,5.301,3.793,2.689,
501.000,106.8775,101.8535,57.324,45.084,31.495,23.349,19.694,15.44,14.526,15.525,16.186,23.702,30.248,37.47,53.133,69.026,88.098,101.804,119.671,130.711,138.232,135.98,134.118,128.203,120.541,110.856,98.33,82.606,66.943,50.097,38.915,26.97,20.908,16.454,13.059,11.261,8.659,6.973,4.717,3.962,2.545,
502.000,99.3097,97.20405,61.591,40.105,30.942,22.133,17.08,14.631,11.57,12.695,17.549,21.733,28.757,34.829,52.003,70.686,81.896,100.42,116.028,125.978,135.151,133.222,128.801,125.85,119.979,109.445,96.413,78.206,64.49,51.564,36.596,26.281,20.87,15.14,12.795,10.148,9.366,6.401,4.785,3.724,2.717,
503.000,98.59569,92.33815,63.156,40.131,30.374,20.782,18.434,15.211,11.48,15.782,15.637,20.318,25.039,36.654,49.927,65.181,84.386,97.774,113.729,125.48,128.673,131.398,127.304,126.001,114.053,106.544,93.481,76.951,62.645,48.13,37.601,26.478,20.407,15.381,12.083,9.645,9.971,7.032,5.14,4.158,2.875,
504.000,95.89577,97.46528,60.976,36.427,26.744,22.559,16.48,13.114,12.701,12.672,16.562,20.012,29.327,35.376,47.717,66.476,82.795,91.576,111.657,120.19,130.072,127.808,125.17,122.614,110.88,104.869,91.698,77.996,62.431,44.963,34.829,26.546,21.048,15.339,12.172,10.246,8.738,7.092,4.814,3.627,2.936,
505.000,93.09599,90.90638,59.554,37.075,31.964,24.12,18.553,15.277,15.034,13.554,16.906,21.267,27.091,35.69,44.762,63.856,76.37,95.963,109.29,119.884,122.23,125.729,119.015,114.391,109.769,101.576,89.456,74.311,61.327,45.424,33.442,25.44,19.527,15.282,11.846,10.288,8.874,6.572,4.801,3.682,2.993,
506.000,95.23298,89.41058,56.091,36.692,29.537,19.987,18.102,13.803,14.029,13.874,15.645,21.316,25.58,33.821,45.631,59.359,77.154,95.015,103.666,116.65,122.132,119.398,118.406,118.021,106.516,99.727,87.069,75.463,59.005,45.26,33.595,25.217,18.286,14.456,11.528,9.975,8.908,7.029,5.311,4.045,3.424,
507.000,94.11814,90.34647,55.35482,41.335,25.295,23.418,17.585,13.354,13.432,13.297,16.037,18.171,25.409,32.861,46.552,58.655,76.169,90.062,104.606,111.774,119.333,116.866,115.251,112.296,106.211,96.286,82.167,72.981,57.22,45.171,32.884,23.966,18.631,14.865,12.127,9.339,8.177,7.569,4.94,3.962,3.281,
508.000,96.96845,86.49703,53.47056,37.35,23.005,20.839,14.91,11.698,11.713,13.3,14.955,17.592,24.5,32.633,43.481,60.38,76.738,86.906,102.821,107.725,114.981,118.678,109.247,109.936,102.043,94.333,82.569,69.201,55.385,43.994,32.039,25.258,17.698,14.096,11.82,9.654,8.184,7.345,5.155,3.542,2.978,
509.000,87.37796,86.24616,53.39614,36.471,27.279,19.944,16.502,12.901,11.403,12.777,15.258,19.535,22.528,32.136,44.357,54.139,73.766,87.031,96.856,108.591,109.565,114.142,109.506,106.046,98.618,89,79.922,66.352,55.16,41.269,31.107,23.256,18.414,14.343,11.455,8.665,8.535,7.337,5.456,3.577,2.685,
510.000,79.04327,86.92024,47.10083,33.881,26.013,18.217,13.113,11.433,11.747,12.514,15.158,18.563,22.86,32.201,40.578,54.623,68.902,82.43,95.172,103.897,101.578,111.151,107.472,102.952,95.363,89.938,79.246,69.304,53.502,41.603,29.926,23.505,17.646,13.476,10.036,9.376,8.086,7.49,5.202,3.726,3.192,
511.000,90.20859,93.94269,47.94377,34.726,24.686,23.308,15.451,12.006,11.753,12.325,15.095,16.717,23.774,30.197,38.841,51.922,71.867,80.824,89.923,101.568,106.38,104.35,105.309,100.231,95.492,87.044,76.646,62.794,51.731,40.318,29.559,22.377,17.118,13.084,11.36,9.9,7.896,7.505,5.268,3.568,2.628,
512.000,83.55612,83.91584,48.336,28.834,21.609,21.713,15.594,11.345,10.244,10.945,13.457,17.951,22.635,29.776,40.78,53.638,65.746,77.089,90.75,102.174,102.853,104.181,100.849,100.24,92.344,85.633,74.772,62.938,51.402,38.196,27.949,21.993,17.532,13.78,10.899,8.912,6.816,7.671,5.292,3.764,3.553,
513.000,84.70785,85.43978,47.02103,29.835,21.498,18.967,15.164,10.78,14.599,11.662,12.813,15.431,22.104,30.137,37.773,50.071,66.494,76.182,92.57,97.629,103.089,98.993,98.223,98.523,91.634,82.364,73.097,60.9,50.126,40.08,28.479,22.474,16.437,13.135,9.512,8.417,7.805,6.651,5.835,4.063,2.981,
514.000,95.378,75.79331,45.95036,29.43,26.355,18.268,15.198,10.127,11.385,11.239,14.291,18.01,21.462,27.854,41.027,49.227,61.387,74.18,85.903,94.561,97.561,96.921,97.701,92.465,87.501,83.154,71.775,58.586,49.313,37.127,28.857,20.911,15.974,12.942,10.374,8.903,7.27,6.888,5.624,4.139,3.444,
515.000,79.466,72.43399,42.00656,26.84,20.588,18.346,12.864,12.535,10.039,13.211,14.554,16.259,20.551,25.767,37.45,46.86,61.161,73.451,83.528,92.835,94.251,93.533,94.83,89.9,87.373,77.95,69.601,57.636,47.121,37.16,27.796,20.495,15.531,12.779,10.504,7.457,7.015,6.615,5.861,4.583,2.818,
516.000,80.51,70.82384,41.37387,30.321,22.966,15.592,14.337,9.116,10.092,11.321,13.963,14.459,22.125,25.639,30.559,49.151,60.976,72.165,80.727,87.777,92.59,89.555,92.201,90.02,85.504,77.843,65.137,56.486,47.612,34.224,26.288,20.186,15.885,12.713,10.736,7.906,6.999,6.336,5.947,4.466,2.634,
517.000,82.526,73.73607,39.84535,28.99939,21.816,19.536,13.415,10.481,10.461,9.797,11.382,14.107,20.774,26.353,34.937,45.588,60.379,69.976,80.18,83.448,89.523,95.409,90.874,84.679,79.877,75.159,63.486,55.8,44.508,35.062,27.292,20.273,15.634,11.757,10.444,8.647,7.22,5.148,5.354,3.956,2.813,
518.000,71.943,69.49649,40.17644,29.81575,20.855,17.928,12.891,11.423,9.806,9.765,11.698,15.212,18.929,22.425,34.496,43.011,54.84,63.832,75.893,85.321,84.741,87.731,83.233,84.053,77.937,73.64,62.711,54.155,43.415,33.82,25.283,18.567,14.476,11.825,9.196,8.335,6.306,6.374,6.179,4.012,3.256,
519.000,67.614,71.12885,34.45244,28.47798,20.729,16.17,15.623,9.956,9.307,10.839,12.014,15.651,19.593,27.301,35.102,45.899,56.069,64.309,78.872,82.863,86.77,85.739,85.95,80.482,76.04,70.661,62.271,54.275,42.47,32.207,23.44,18.324,15.092,11.405,10.078,8.193,7.197,5.051,5.34,3.996,3.277,
520.000,68.37,75.30034,36.13528,26.5142,21.207,16.941,10.715,11.963,10.145,9.464,12.192,15.138,17.873,23.825,30.645,41.838,55.283,64.809,71.625,78.975,84.647,83.314,80.061,76.159,75.465,67.268,59.085,54.802,41.093,33.1,23.686,17.768,14.597,11.791,9.3,7.754,6.216,5.64,5.151,4.62,3.269,
521.000,62.367,69.30244,32.09633,27.96278,20.033,16.109,15.814,10.202,9.429,9.244,12.025,14.891,19.598,23.066,30.351,40.024,51.775,60.986,69.767,77.118,79.609,81.047,78.738,73.737,72.198,66.76,59.006,50.82,41.265,30.384,22.875,18.872,13.542,11.45,9.235,8.466,6.459,5.984,5.338,4.578,2.623,
522.000,67.444,71.23614,32.28087,27.94513,16.981,17.025,14.571,9.742,9.722,9.659,10.854,14.05,20.076,20.722,30.497,39.118,51.931,58.577,68.144,78.126,78.526,79.886,76.441,75.782,69.914,64.798,59.676,48.764,40.522,30.718,23.07,18.574,14.334,10.874,8.645,8.31,6.43,5.766,5.302,4.604,3.391,
523.000,72.333,65.27155,31.33358,25.56461,17.172,14.481,12.323,9.895,11.745,8.502,11.199,12.805,18.295,23.048,30.195,36.625,48.618,57.976,66.424,72.887,74.764,73.37,76.861,70.46,69.912,65.297,57.391,50.005,38.915,30.206,23.396,17.647,13.448,10.246,8.998,8.434,6.141,5.194,4.651,4.562,2.805,
524.000,65.093,63.37,32.16916,25.96753,19.738,14.768,11.134,10.466,9.601,9.862,10.229,12.555,15.326,22.835,28.77,37.962,46.131,55.868,66.076,70.015,75.613,73.035,72.599,73.89,66.344,59.602,57.755,46.157,37.957,28.882,22.764,16.877,13.87,10.577,8.794,7.436,6.252,5.106,4.6,4.261,3.594,
525.000,61.019,57.191,26.4094,22.41691,20.854,14.093,13.151,10.722,8.82,10.681,10.451,11.124,15.815,22.658,28.037,38.588,47.809,56.6,63.32,68.893,73.481,73.538,71.455,67.915,67.005,62.603,54.959,46.057,38.58,27.134,22.032,16.906,13.573,10.066,8.557,7.254,5.744,4.921,4.404,4.376,3.802,
526.000,57.6,61.452,26.68462,23.94163,19.223,15.105,12.095,8.821,9.041,9.781,10.782,12.445,16.644,20.832,28.169,37.202,45.481,52.821,62.281,66.654,67.742,70.671,69.087,66.394,62.754,58.862,53.383,43.518,36.506,27.894,20.231,16.892,13.088,9.947,8.911,7.454,6.407,5.381,5.115,3.938,3.146,
527.000,65.136,53.912,29.20472,24.27792,20.99904,14.938,11.586,7.916,8.476,7.661,10.195,13.08,14.789,19.965,25.695,34.751,44.718,53.276,60.649,63.49,67.825,68.502,67.45,66.159,62.716,57.569,48.958,42.703,35.599,26.261,19.931,15.555,12.941,10.476,8.399,7.043,6.02,5.056,3.692,4.242,3.497,
528.000,55.252,52.329,30.35546,19.5828,22.37516,13.47,11.118,8.685,8.53,8.746,9.292,9.892,14.394,19.642,25.922,33.706,44.803,49.828,59.449,65.637,69.04,64.241,63.173,61.554,59.675,54.929,50.709,42.231,35.457,25.982,19.73,14.227,12.193,9.543,8.066,6.982,5.71,5.03,4.199,3.962,3.433,
529.000,55.617,49.198,29.00416,21.12631,23.94052,13.557,10.516,10.002,7.024,7.956,9.841,11.732,15.687,17.419,24.984,34.618,39.881,49.951,54.585,61.724,65.943,64.238,62.335,61.613,57.996,54.351,47.248,39.718,33.158,25.432,19.141,15.198,12.48,9.455,8,6.753,6.244,5.235,4.272,3.793,3.611,
530.000,54.562,52.231,28.35237,20.15141,22.35631,14.651,9.254,9.697,9.59,9.349,8.723,10.597,13.783,18.089,24.757,31.54,38.917,49.031,55.931,59.201,60.216,65.351,62.751,61.635,55.47,51.19,45.645,42.387,33.682,24.911,19.741,14.308,12.032,9.033,7.717,6.89,5.916,4.643,3.886,4.018,3.658,
531.000,56.132,45.13,30.93981,20.49727,22.29765,12.85,11.943,8.427,7.18,7.872,9.014,11.779,14.052,18.863,23.655,32.472,39.239,47.903,54.304,59.752,61.586,60.555,60.023,59.011,54.921,48.053,43.526,37.748,30.94,24.518,18.02,13.924,11.897,9.237,7.424,6.648,5.396,4.735,4.468,3.379,3.744,
532.000,53.917,53.84,26.02573,20.37566,22.17284,13.354,10.133,9.573,7.182,7.085,8.508,10.938,12.863,16.812,22.794,29.428,36.824,45.674,51.639,59.597,58.393,59.982,59.121,58.482,53.873,49.009,44.364,37.782,30.653,24.553,17.642,13.294,11.299,9.625,8.014,6.253,5.746,4.834,4.916,3.689,3.801,
533.000,53.006,43.306,26.81445,17.83235,22.29971,12.57,9.633,8.454,7.765,7.104,8.293,10.602,12.02,17.445,21.884,28.686,37.03,44.276,52.419,56.133,60.534,59.215,58.356,58.172,54.596,50.298,42.676,35.17,28.39,23.387,17.548,14.093,9.845,8.428,7.775,7.086,5.277,4.74,4.114,3.693,3.442,
534.000,52.888,43.496,32.038,15.84841,21.73107,12.044,10.07,8.005,9.12,8.426,7.383,9.914,13.604,17.584,21.983,29.153,35.423,41.926,47.448,54.723,56.56,56.779,55.918,52.563,49.752,47.087,43.332,34.722,30.17,23.883,18.763,13.701,11.123,9.158,7.752,6.156,5.399,4.115,4.207,3.822,3.607,
535.000,45.214,40.863,29.325,16.65845,24.10755,10.785,9.937,8.426,8.788,8.604,8.899,10.479,12.332,16.7,22.352,28.003,34.365,42.342,47.251,49.092,56.747,55.876,54.119,53.529,49.278,46.385,39.98,34.079,28.788,21.847,16.123,13.866,10.589,8.89,7.872,5.89,5.304,4.487,4.053,3.259,3.643,
536.000,44.889,44.861,27.39,17.08185,23.23467,13.734,8.914,8.3,8.957,7.299,9.172,9.463,12.137,16.037,20.055,27.098,33.749,39.358,47.463,51.589,52.175,53.988,50.844,50.161,49.682,46.066,38.933,33.098,27.376,21.5,15.94,12.881,10.021,8.22,7.024,6.316,5.119,4.514,3.706,3.375,3.152,
537.000,51.211,47.02,31.205,16.23624,22.03635,11.65073,10.583,6.303,5.896,6.527,8.831,9.598,10.753,13.768,19.48,27.47,34.176,40.428,44.759,52.335,51.078,53.332,50.847,49.6,45.823,42.776,37.803,33.844,27.578,20.277,15.688,13.631,10.156,8.564,6.455,5.823,5.556,4.586,3.937,3.805,3.169,
538.000,47.188,38.677,25.84,15.45911,21.63202,12.85452,10.794,6.895,6.808,8.909,6.921,8.985,11.414,14.467,22.032,27.879,33.997,38.14,42.786,47.114,48.318,52.211,48.219,47.724,45.351,42.578,37.243,34.322,26.963,20.176,15.726,11.75,9.841,7.935,7.349,5.895,4.708,4.597,4.113,3.412,2.934,
539.000,50.126,39.172,22.992,16.0668,20.4049,12.73879,8.424,7.31,7.022,8.116,7.348,8.771,10.066,16.331,19.815,26.088,32.202,36.714,42.449,48.999,48.177,47.044,47.69,47.644,43.055,40.969,35.658,30.232,24.243,18.645,15.077,11.917,8.857,7.309,6.599,5.749,4.733,4.475,3.385,3.49,3.207,
540.000,42.996,37.604,32.205,15.05605,20.31514,12.79195,11.571,8.824,7.019,7.001,8.081,8.295,11.605,14.555,16.429,24.125,30.386,35.679,43.13,46.259,48.496,47.912,46.468,45.767,43.195,38.985,34.297,31.003,24.066,20.065,15.17,11.562,8.693,7.908,6.207,5.559,5.579,3.645,3.398,3.142,2.969,
541.000,47.332,37.537,25.792,15.21188,18.69465,10.7814,10.07,7.848,6.035,6.714,6.364,8.137,10.278,13.99,18.958,21.894,29.836,36.941,41.914,44.219,47.372,45.805,42.473,44.966,44.046,39.314,34.969,30.418,25.1,18.938,14.977,11.58,8.812,7.674,5.893,5.782,5.021,3.891,3.696,3.148,2.784,
542.000,49.675,43.069,22.531,13.12508,19.56,11.24069,9.51,8.972,6.13,7.345,6.781,7.463,10.222,14.482,18.034,23.021,29.173,34.574,39.475,41.27,45.566,43.732,45.82,45.898,41.113,38.408,33.296,29.594,22.5,19.256,14.225,11.369,9.501,7.67,6.366,5.022,4.827,4.1,3.981,3.283,2.744,
543.000,54.145,36.668,24.843,17.86056,19.50179,10.17657,8.415,6.296,4.533,6.138,5.364,8.31,11.096,12.939,17.543,21.684,29.018,32.791,37.936,38.568,44.191,45.161,45.254,41.977,42.074,33.932,33.203,28.019,22.39,19.015,13.015,10.724,8.755,7.205,6.152,4.872,4.409,3.889,3.692,3.087,2.939,
544.000,45.985,33,26.84,14.549,18.42419,9.543625,8.582,6.379,6.215,6.946,5.853,7.749,10.109,14.366,15.033,20.665,24.608,31.219,36.274,39.355,42.224,42.592,41.55,40.824,39.574,36.643,30.688,28.346,24.004,17.258,14.351,10.227,7.913,7.044,6.34,5.317,5.351,3.926,3.59,3.428,2.976,
545.000,48.757,35.608,23.673,16.206,18.77674,11.65989,8.845,5.462,6.374,5.173,6.638,7.69,11.042,13.032,16.518,22.022,26.829,31.275,35.091,39.025,40.682,40.486,39.602,41.943,36.742,34.792,31.759,26.962,21.985,16.86,13.713,11.358,8.019,6.596,6.093,4.985,5.326,4.595,3.252,2.642,2.68,
546.000,49.589,38.598,22.079,16.638,16.62992,9.099319,7.423,6.738,5.911,5.27,5.562,6.433,8.571,13.093,14.394,20.608,25.528,29.726,38.079,37.065,39.662,40.967,39.299,39.305,37.141,32.422,31.163,24.873,21.076,16.199,12.824,8.909,8.267,7.397,5.668,5.048,4.595,3.428,2.948,2.887,2.587,
547.000,48.544,30.503,24.636,20.115,16.8761,10.95006,7.204575,5.804,6.659,5.924,6.565,7.805,9.903,11.464,16.374,22.108,26.478,29.864,33.623,37.053,38.109,39.722,37.51,36.691,34.828,33.828,29.719,24.945,20.621,15.91,13.109,9.295,8.237,6.916,5.186,5.33,4.457,3.815,3.546,2.65,2.629,
548.000,41.833,32.89,20.764,14.357,15.05131,10.69385,7.330736,7.39,7.293,5.967,7.298,6.898,7.699,12.867,14.056,19.271,26.336,30.992,34.947,35.811,36.728,38.094,38.339,35.724,31.816,31.923,30.523,24.386,19.477,15.169,12.12,9.09,7.854,6.614,6.084,4.788,3.763,4.064,3.358,3.164,2.337,
549.000,38.849,35.208,23.557,12.09,12.608,11.06241,7.50092,6.758,6.079,6.014,7.256,7.912,8.558,11.701,14.774,19.672,22.166,27.8,32.642,34.145,37.095,36.449,36.357,35.778,34.119,31.59,26.876,24.109,20.082,15.461,11.679,8.81,8.037,6.596,5.56,4.506,4.508,3.985,3.361,2.888,2.56,
550.000,36.205,29.473,17.893,17.147,13.80549,11.18564,6.599146,6.133,5.714,6.06,6.343,6.119,8.154,11.159,14.684,18.39,23.28,27.007,31.09,32.981,35.254,36.697,34.972,34.831,33.329,29.146,26.308,23.919,18.529,14.736,12.008,9.221,7.122,5.415,5.249,4.52,3.997,3.922,3.297,3.361,2.452,
551.000,40.913,30.035,20.532,13.167,13.16241,11.4247,6.539831,4.944,4.66,5.431,5.866,6.133,8.205,11.057,14.443,19.223,21.387,25.869,30,32.098,34.143,35.948,35.305,34.084,33.324,28.835,23.819,21.903,18.141,13.939,11.75,8.266,7.191,5.901,5.044,4.694,3.968,3.527,3.183,3.261,2.455,
552.000,32.117,35.018,22.61,11.863,11.15552,12.08917,6.981568,4.957,5.464,5.384,6.32,7.214,9.068,10.051,15.869,19.02,21.835,24.546,28.629,32.769,33.164,33.906,32.502,33.362,30.022,29.475,24.936,22.245,17.405,14.653,10.759,9.18,7.245,5.887,5.438,5.195,3.966,3.772,2.927,2.977,2.305,
553.000,30.506,38.235,18.43,13.96,11.05262,10.5553,6.513859,4.801,4.838,5.542,4.915,7.402,8.506,8.885,13.914,16.528,21.346,24.463,29.532,30.501,32.932,33.032,31.496,30.516,29.422,27.376,25.558,21.917,18.141,14.718,10.72,8.391,6.809,6.172,4.824,4.582,4.452,3.746,3.464,2.797,2.481,
554.000,27.534,38.93,22.683,14.703,11.918,9.677141,7.155663,5.593,6.178,4.788,5.377,5.935,7.82,10.434,12.208,18.13,21.738,24.752,28.299,31.053,31.633,31.857,33.31,29.99,28.763,26.524,22.386,21.338,16.773,14.762,11.327,8.631,6.11,5.76,4.83,4.553,4.423,3.463,3.327,2.942,1.653,
555.000,30.751,37.958,18.275,12.631,12.463,11.11769,6.887521,7.099,5.809,5.885,4.8,5.536,8.609,9.256,12.303,15.749,19.199,23.935,26.838,31.218,31.51,30.411,31.228,27.419,28.663,25.75,23.82,19.808,16.412,12.709,10.554,8.118,6.585,5.165,5.264,4.201,4.25,3.448,3.135,2.75,2.445,
556.000,27.634,36.909,20.887,12.455,8.678,9.491517,7.229297,4.234,6.116,4.217,6.661,5.946,6.446,8.643,11.856,16.554,21.594,24.335,26.056,29.424,30.228,31.225,30.703,28.911,27.025,25.998,23.346,19.561,16.849,12.016,9.972,8.611,6.778,5.719,5.13,4.279,4.383,3.43,3.466,2.384,2.632,
557.000,26.117,40.302,16.89,9.924,9.259,10.47933,6.521672,5.494306,5.705,4.3,4.648,5.976,6.952,9.113,12.932,15.75,20.119,22.716,26.28,31.224,30.139,30.42,28.167,28.595,26.972,25.126,21.291,19.186,16.033,12.97,9.479,7.79,6.592,5.073,4.719,4.257,3.895,3.169,2.815,2.551,2.287,
558.000,28.111,35.027,13.628,9.22,10.13,9.842494,6.481036,6.81729,5.648,5.94,5.064,6.497,6.952,9.307,11.49,16.217,17.823,21.035,24.025,27.969,27.632,28.747,27.175,27.658,24.203,25.224,22.976,19.614,15.58,13.058,8.422,7.153,6.57,5.959,4.927,4.121,3.691,3.348,3.081,2.912,2.327,
559.000,28.124,36.456,16.597,13.54,8.206,8.938424,6.759894,5.852786,4.89,4.237,6.554,5.498,6.24,7.366,11.404,14.749,18.176,19.792,24.669,27.771,27.792,28.198,28.101,25.381,26.023,23.93,21.127,18.95,14.195,11.259,9.17,7.581,5.945,5.47,4.569,4.259,3.919,3.56,2.565,2.677,2.428,
560.000,26.296,35.844,19.758,12.667,9.699,8.442355,6.995987,5.73919,4.233,3.731,4.5,4.562,7.223,9.436,11.32,14.889,17.225,20.431,22.793,24.784,29.063,26.997,26.638,24.122,24.502,21.62,19.613,18.171,14.167,11.817,8.802,7.858,5.846,5.773,5.039,4.141,3.587,3.439,2.934,2.51,2.009,
561.000,23.967,36.37,15.783,13.365,10.037,10.56607,7.379358,6.592434,3.847,3.703,5.295,4.644,5.698,6.786,8.804,13.682,17.895,19.932,23.294,24.708,27.684,27.031,26.811,26.316,23.938,21.059,19.008,16.533,14.057,10.939,8.275,7.004,6.095,4.417,4.702,4.355,3.76,3.447,2.738,3.116,2.165,
562.000,25.085,31.34,14.917,9.008,8.954,7.393897,7.041057,4.930194,4.71,4.873,4.237,4.877,5.991,9.782,11.694,13.592,17.019,19.949,22.531,25.07,23.879,24.615,24.747,24.557,22.835,21.52,19.539,16.612,14.02,11.431,7.636,6.951,5.667,5.438,4.567,3.663,3.227,2.887,3.074,2.404,2.012,
563.000,19.358,28.393,21.535,9.795,6.417,10.03512,6.328705,4.230005,4.238,5.854,4.582,5.227,6.087,8.643,9.014,12.177,16.431,19.303,21.347,22.898,24.472,24.63,24.557,24.111,23.506,21.236,19.953,16.582,13.604,10.33,9.084,7.119,6.062,4.96,4.024,4.646,4.224,2.645,2.28,2.277,1.934,
564.000,24.216,27.777,17.111,10.69,8.378,8.228,7.472654,5.395724,4.755,3.669,3.647,5.129,6.625,7.273,8.905,15.094,15.988,17.179,19.676,23.987,24.302,24.912,22.423,23.13,21.473,19.036,16.071,14.958,12.971,10.824,8.58,6.485,5.794,4.929,3.548,3.423,3.059,2.762,2.801,2.542,2.422,
565.000,18.879,24.116,17.35,9.819,10.959,5.657,7.036941,6.258974,4.015,3.303,5.449,4.992,6.619,7.611,9.252,12.833,14.42,17.976,21.048,23.047,23.31,22.826,22.429,21.875,21.996,18.182,17.253,14.877,11.843,11.19,7.572,6.809,5.79,5.142,3.861,4.132,3.499,2.446,2.409,2.119,1.957,
566.000,24.338,21.298,22.515,12.577,6.692,7.669,7.351937,6.363798,2.879,4.703,4.104,4.9,5.677,8.394,9.633,11.946,14.688,17.368,20.231,22.154,20.763,21.048,24.718,22.885,22.299,17.865,17.296,15.901,11.714,9.291,7.22,5.262,4.86,4.392,3.979,3.844,3.395,3.138,2.932,2.689,2.305,
567.000,21.404,28.73,24.928,8.132,9.898,6.237,6.729968,5.342394,2.931878,3.606,4.307,5.216,6.267,7.078,7.789,10.881,14.75,18.357,19.432,20.401,21.695,22.233,20.81,20.595,19.006,19.34,16.018,14.256,11.656,8.139,8.245,6.381,5.18,4.681,3.931,3.276,3.217,2.989,2.933,2.183,2.039,
568.000,22.303,15.671,29.805,7.901,7.634,7.981,6.499219,4.230734,2.815132,4.875,4.256,5.802,4.934,8.058,9.044,10.877,14.243,16.02,18.266,20.635,21.817,21.745,20.622,20.386,19.869,18.042,16.176,14.607,11.536,8.253,7.394,6.048,4.835,3.97,3.589,3.888,3.528,2.89,2.692,2.785,2.274,
569.000,23.991,17.35,27.753,10.122,9.439,5.242,6.258813,3.135216,3.413597,3.357,3.781,4.81,5.64,7.467,9.084,12.3,14.511,14.75,18.525,19.315,21.799,20.772,19.712,19.47,18.878,16.9,16.703,13.562,12.381,9.171,7.318,5.864,4.265,4.327,3.458,3.475,2.982,2.598,2.83,2.024,1.939,
570.000,27.429,15.839,27.735,8.842,8.7,6.11,6.58636,2.636953,2.426112,4.426,4.001,5.095,5.551,7.354,8.215,11.248,12.25,16.106,17.57,19.238,19.79,20.125,20.255,19.862,18.752,15.997,15.937,12.764,10.995,8.897,7.211,6.519,4.621,4.439,3.882,3.373,2.864,2.909,2.376,2.438,2.173,
571.000,18.805,20.328,23.681,10.404,7.292,5.789,6.920406,3.593159,2.865621,3.367,3.916,3.912,4.142,6.252,8.273,11.052,13.148,16.11,17.086,18.881,19.026,19.808,18.846,17.195,18.647,16.326,15.667,14.762,10.161,8.268,6.634,5.274,5.289,4.107,3.582,3.073,3.051,2.092,2.217,2.511,1.794,
572.000,22.763,14.745,23.724,8.01,7.453,6.194,5.944443,4.466176,3.171217,3.725,2.902,4.622,4.95,6.601,8.335,9.628,11.362,15.668,17.042,19.356,18.827,20.238,18.454,17.48,18.822,17.451,13.804,12.17,10.708,8.434,7.008,5.647,4.898,3.784,3.682,3.524,2.097,2.902,2.405,2.048,1.869,
573.000,15.918,19.923,25.056,8.918,8.101,7.674,5.446884,3.553779,1.280544,4.577,5.036,3.249,4.333,5.322,9.722,9.929,13.432,13.155,17.551,18.93,18.92,17.719,18.241,19.745,17.393,16.705,14.553,12.536,8.879,9.097,7.161,5.344,4.081,3.958,3.532,3.092,3.763,2.954,2.152,2.098,1.968,
574.000,21.173,14.191,21.76,11.077,6.741,7.767,5.497,4.443442,2.700823,4.398,2.993,4.586,4.477,6.13,6.46,9.199,12.487,13.399,16.154,18.302,17.322,19.11,16.855,15.6,16.359,14.651,13.787,11.965,9.381,8.807,5.778,4.532,4.114,4.056,3.356,2.843,2.824,2.44,2.437,2.139,1.805,
575.000,16.247,12.95,24.362,12.052,6.442,6.672,6.331,2.666534,1.919045,4.034,3.397,3.718,5.027,5.183,6.707,8.854,12.069,14.519,15.172,16.491,17.273,18.422,17.335,15.883,16.448,16.485,13.141,11.517,10.031,7.791,5.666,4.909,4.234,3.885,3.242,2.948,2.691,2.52,2.261,2.031,1.841,
576.000,15.092,20.5,16.719,13.019,7.475,8.182,5.519,2.238645,2.195076,3.325,3.193,4.31,4.624,5.978,5.697,10.192,12.057,13.16,14.214,16.069,17.719,16.03,18.997,17.887,14.932,13.413,14.042,10.986,8.79,8.069,6.314,5.192,4.205,3.849,3.144,3.413,3.16,2.445,1.957,2.26,1.672,
577.000,19.215,19.596,12.957,15.836,6.173,7.401,4.498,3.745167,2.547267,3.346427,3.14,3.162,3.354,5.268,7.582,9.605,10.117,12.736,14.499,15.8,17.378,16.065,16.141,14.932,15.342,14.544,13.908,10.911,9.096,7.847,6.018,4.435,4.472,3.935,3.127,3.199,2.706,2.266,2.203,1.879,2.075,
578.000,16.372,15.351,12.208,17.842,8.922,8.854,4.759,3.921944,2.491734,3.94886,4.709,3.979,3.986,4.55,6.563,8.651,10.586,11.932,14.457,14.991,17.307,14.715,16.22,15.569,14.333,15.322,12.889,11.351,9.684,7.604,5.434,4.328,4.183,3.939,2.715,3.178,2.365,2.527,2.497,2.147,1.588,
579.000,23.69,14.409,12.581,20.525,7.202,4.257,4.04,1.934019,2.727974,3.419186,4.282,3.188,4.553,4.835,5.805,8.196,10.003,13.253,14.645,14.553,15.092,16.466,17.402,13.764,14.615,13.323,11.718,9.572,9.149,7.433,5.436,4.922,4.377,4.09,3.468,3.145,2.862,2.449,2.073,2.121,1.443,
580.000,18.355,19.912,11.137,18.377,6.447,7.037,5.306,3.848106,3.122252,3.510801,2.899,3.517,4.744,5.328,6.468,8.241,9.589,11.603,13.958,14.702,14.53,15.116,14.462,14.78,15.51,13.331,11.451,10.524,8.503,7.026,5.259,4.933,3.634,4.129,2.516,2.673,2.67,2.428,2.007,1.93,1.896,
581.000,16.824,13.368,12.553,24.194,5.76,6.302,6.165,3.649085,2.667798,3.029464,2.85,3.649,3.705,4.765,5.401,7.715,11.647,12.51,13.429,13.348,14.517,16.277,15.311,13.011,14.273,12.978,11.902,9.512,7.235,7.31,5.157,4.976,3.794,3.156,3.244,2.321,2.515,2.252,1.633,1.623,1.497,
582.000,14.685,18.113,10.35,19.363,6.297,6.656,6.005,2.34803,2.62796,2.931786,3.504,2.493,4.946,4.909,6.603,7.411,9.865,11.655,12.727,13.142,14.179,14.702,13.163,14.145,13.79,12.938,10.967,10.036,8.045,5.947,5.089,3.905,3.976,3.535,2.918,2.319,3.014,2.2,2.154,2.445,1.642,
583.000,20.834,12.581,8.867,19.373,6.624,4.483,2.632,4.065789,2.812656,2.758333,2.569,3.021,3.97,4.892,6.006,8.042,9.154,10.35,12.407,13.894,12.893,14.262,13.948,14.015,13.816,12.443,11.769,9.742,7.858,5.93,4.85,4.014,3.415,3.178,2.713,2.822,2.829,2.47,1.782,1.917,2.221,
584.000,13.58,11.079,14.136,19.913,6.364,4.048,4.802,2.732,1.938416,2.655481,2.872,3.375,2.911,5.625,5.589,7.858,9.968,11.665,11.273,12.364,13.706,13.607,13.319,14.916,12.948,11.266,9.88,8.986,8.011,6.426,5.595,4.627,3.67,3.374,2.907,2.52,2.412,2.72,1.807,2.116,1.728,
585.000,15.27,11.946,8.513,14.95,12.218,5.076,4.063,2.365,2.494717,2.525956,3.006,3.893,3.783,3.977,5.735,7.8,8.738,11.134,11.492,14.044,14.5,14.332,12.468,12.897,13.184,10.994,11.265,9.471,8.153,5.944,4.73,3.487,4.167,3.568,2.494,2.325,2.394,1.933,2.42,1.672,1.652,
586.000,15.666,12.978,12.396,11.988,8.54,4.974,4.806,4.051,3.221579,3.049115,3.118,3.702,3.891,3.282,5.499,7.087,7.67,9.879,11.297,12.548,13.971,13.466,13.48,10.917,12.448,11.55,10.047,8.717,6.796,5.111,5.075,3.642,3.414,2.793,3.459,2.719,2.615,2.242,2.026,1.722,1.505,
587.000,19.255,12.038,11.102,11.103,7.289,5.422,5.432,4.612,2.524211,2.37694,2.391651,3.253,5.09,4.739,5.648,7.404,8.243,10.432,11.244,12.673,11.99,12.57,12.254,12.88,10.066,11.036,10.099,7.92,8.003,6.21,4.796,4.5,2.827,3.001,3.319,2.601,2.011,2.07,1.818,1.666,1.638,
588.000,12.01,11.873,10.518,10.223,10.872,5.993,4.165,5.098,2.37285,2.102166,2.943348,3.722,2.91,5.388,5.431,6.743,8.038,10.224,10.169,12.603,12.939,11.954,11.207,11.542,11.958,10.523,9.476,9.132,7.636,6.187,4.388,3.614,3.61,2.433,2.968,2.418,2.386,2.259,2.306,1.648,1.772,
589.000,12.851,14.297,7.388,7.33,9.211,4.556,3.435,3.288,3.307039,2.427915,2.3127,3.413,4.364,4.154,5.538,6.473,8.275,10.044,10.56,11.409,11.696,12.184,11.877,12.498,10.798,11.144,9.133,8.302,7.04,5.841,4.701,3.689,3.388,2.773,2.801,2.379,2.194,2.203,1.863,1.988,1.545,
590.000,13.566,13.795,7.173,7.96,14.378,4.572,2.949,2.829,3.408065,2.210374,3.016492,3.33,3.462,4.447,4.9,6.612,7.401,9.495,10.892,10.843,10.926,11.395,10.861,10.441,11.792,10.595,8.998,7.914,6.589,5.477,3.952,3.262,3.428,2.972,2.613,2.457,2.164,1.802,2.122,1.802,1.863,
591.000,10.579,10.638,10.994,10.375,13.325,7.919,3.108,3.653,3.765768,2.56559,2.621105,4.139,2.933,3.314,6.048,6.168,8.12,9.115,10.824,11.487,10.744,10.889,10.321,10.447,9.912,10.51,9.041,7.288,5.508,5.784,4.668,4.029,3.354,2.959,2.542,2.623,1.857,2.361,2.055,1.927,1.947,
592.000,14.067,18.199,13.198,7.197,16.473,4.134,4.507,2.596,3.744123,2.248197,2.478282,3.445,3.6,3.653,5.73,6.334,9.224,8.591,10.325,10.685,10.973,12.142,10.789,9.283,10.629,10.303,8.912,8.131,6.585,4.879,3.717,3.341,3.351,3.095,2.729,2.306,2.422,2.159,2.227,1.521,1.556,
593.000,7.738,12.326,9.326,6.85,15.497,4.823,3.045,3.846,3.86604,2.36085,2.690291,2.582,2.776,3.476,4.915,7.056,8.581,7.919,9.76,10.526,11.061,11.377,10.752,10.076,9.97,8.328,9.057,7.49,6.838,4.666,4.185,3.597,2.772,2.545,2.457,2.071,2.393,2.087,1.478,1.376,1.497,
594.000,13.28,11.053,8.963,6.781,15.809,4.128,3.58,3.033,3.28,1.899727,3.303291,2.234,3.715,3.267,5.357,6.248,7.571,8.902,9.923,10.28,10.798,10.831,10.838,9.971,9.613,9.554,6.95,6.862,5.808,4.606,4.716,3.451,3.127,3.07,3.006,2.524,1.905,2.192,1.569,1.749,1.453,
595.000,6.345,13.091,7.715,5.276,18.837,5.621,3.893,3.623,4.386,1.941439,2.751232,2.95,2.898,4.42,4.82,5.461,6.925,8.345,8.749,10.564,10.655,10.652,10.335,10.384,8.026,8.7,6.808,6.017,6.194,5.098,4.146,3.847,2.593,2.793,3.097,2.433,1.854,1.699,1.961,1.39,1.874,
596.000,15.836,11.682,10.303,5.615,14.212,5.099,4.842,4.234,2.861,1.925805,2.358459,2.404,3.234,4.183,4.382,4.923,6.977,7.59,8.224,9.147,9.278,9.098,10.348,9.214,9.145,8.263,7.985,6.833,6.248,5.219,3.516,3.554,2.719,2.43,2.435,1.875,1.909,1.83,1.806,1.779,1.402,
597.000,11.421,11.572,6.108,11.049,14.439,6.109,4.72,3.727,3.648,1.864975,2.914141,2.884444,3.034,2.976,3.373,5.708,6.786,8.216,8.689,9.34,8.763,9.355,8.637,8.909,8.482,7.951,8.054,7.346,6.535,4.99,3.711,3.167,3.23,2.076,1.866,1.966,1.844,1.787,1.419,2.291,1.406,
598.000,13.74,11.162,11.806,4.464,13.894,8.757,5.693,3.495,2.474,1.647036,3.217482,2.363599,3.154,4.224,3.825,6.524,7.398,7.767,8.014,8.759,9.637,8.835,9.225,8.493,9.183,6.828,7.975,5.716,4.931,4.454,3.643,3.206,2.853,2.147,2.152,2.126,2.067,2.087,1.876,1.544,1.528,
599.000,12.752,11.652,8.392,7.057,10.233,7.671,5.637,3.336,3.289,1.94637,2.355184,1.738082,2.571,2.436,4.001,5.715,6.077,7.159,8.517,9.086,9.206,9.029,8.633,9.006,8.759,7.683,7.207,6.093,5.442,4.672,3.784,3.25,3.441,2.624,2.187,2.233,1.794,1.853,1.776,1.593,1.501,
600.000,9.764,6.968,10.228,6.466,10.044,9.024,3.658,2.846,1.729,1.731681,2.794911,2.411154,3.033,2.805,4.481,5.819,6.741,5.992,7.781,8.543,9.431,9.087,9.286,8.074,7.329,8.766,7.261,5.778,4.742,4.186,3.371,2.683,2.887,1.898,2.282,2.192,2.109,1.65,1.703,2.218,1.653,
601.000,11.771,15.836,10.623,2.572,8.75,9.278,3.814,5.371,3.221,1.60858,2.862907,2.069922,3.187,3.333,4.312,4.468,5.612,9.158,7.34,8.207,7.668,8.392,9.751,9.39,7.84,7.676,5.79,6.625,5.424,4.381,3.25,2.865,2.58,2.234,2.339,1.692,2.111,1.859,1.73,1.499,1.655,
602.000,9.274,10.7,5.036,4.738,6.268,12.937,4.55,2.782,3.602,1.668009,2.796269,1.527087,3.216,1.96,2.959,5.672,5.279,5.946,7.295,9.022,9.183,8.592,8.917,8.065,7.534,8.007,6.774,5.777,4.814,3.898,3.175,2.739,2.568,1.953,2.149,1.868,2,1.688,1.483,1.347,1.161,
603.000,13.532,9.009,8.736,5.521,6.527,10.682,5.23,2.204,2.323,1.688278,2.818077,2.239031,2.98,2.711,3.208,4.458,5.828,6.629,8.357,8.333,7.81,8.753,8.456,7.764,6.837,7.484,6.93,4.654,4.852,4.441,3.162,2.876,3.081,2.363,2.014,2.124,1.729,1.478,1.959,1.645,1.498,
604.000,7.552,8.796,6.628,5.825,5.475,12.661,5.364,4.933,3.004,2.115,2.739788,1.789522,3.207,4.003,4.15,4.447,4.556,6.651,6.391,8.13,7.237,7.847,7.238,7.217,8.413,5.926,7.254,5.585,5.487,4.28,3.242,2.72,2.821,1.843,1.919,2.053,1.801,1.773,1.501,1.464,1.545,
605.000,9.926,8.069,7.281,6.816,3.96,11.679,1.584,3.567,3.071,1.837,2.233903,2.091127,2.365,2.981,3.155,3.953,5.269,6.412,6.422,7.352,8.572,8.309,6.425,7.857,7.684,6.844,5.948,5.846,5.18,4.011,3.207,3.032,2.232,1.988,1.476,1.839,2.033,1.885,1.566,1.416,1.623,
606.000,11.831,12.072,7.137,5.749,5.281,10.181,5.146,4.348,2.751,2.316,2.4877,1.831882,1.529,3.543,4.082,5.287,4.234,5.554,6.263,7.682,7.658,9.223,7.67,7.965,8.321,6.451,6.442,5.902,4.577,3.754,3.502,2.502,2.222,2.727,2.029,1.798,1.963,1.706,1.685,1.79,1.437,
607.000,11.718,13.441,6.506,7.002,6.211,14.511,4.501,3.737,2.492,2.262,2.51548,2.221471,1.22454,2.877,4.061,3.528,4.51,7.162,6.984,6.801,7.971,8.203,7.04,6.51,7.177,6.656,5.487,4.675,4.908,3.708,2.837,2.532,2.863,1.749,2.114,1.71,1.864,1.216,1.721,1.503,1.364,
608.000,9.451,5.762,4.961,4.943,4.852,13.043,5.707,3.301,3.126,1.872,2.748211,1.813804,0.9416827,3.352,3.668,4.098,5.431,6.329,6.945,6.428,7.945,7.67,7.089,7.706,7.249,6.809,4.806,5.668,4.301,3.351,3.499,2.485,2.519,2.449,2.319,2.11,1.724,1.475,1.337,1.44,1.363,
609.000,8.889,11.101,4.375,9.102,3.976,12.273,6.192,1.535,4.744,2.217,2.384604,1.895368,0.9058143,3.192,3.051,3.437,4.375,5.832,6.091,6.34,6.916,6.952,7.232,6.565,5.974,6.675,5.275,4.951,5.112,2.932,2.633,2.425,1.993,2.366,2.177,2.024,1.489,1.815,1.409,1.285,1.734,
610.000,5.093,11.593,6.505,6.031,4.065,9.523,4.908,3.176,2.586,3.911,2.690835,2.193471,1.529377,3.797,3.488,3.69,4.625,4.925,7.06,7.252,6.537,6.921,5.905,6.105,6.129,7.266,5.331,5.238,3.894,3.243,3.104,2.89,2.302,2.135,1.825,1.869,1.211,1.523,1.145,1.391,1.661,
611.000,10.287,8.288,7.289,6.768,4.742,8.027,7.453,3.304,1.057,4.075,2.332906,2.082215,1.009671,2.472,3.489,4.654,4.66,5.199,6.66,6.496,6.746,6.398,6.163,6.501,6.522,5.3,5.137,5.131,4.235,3.893,2.704,2.452,2.059,1.566,1.815,1.28,2.179,1.45,1.352,1.598,1.068,
612.000,8.241,8.93,3.682,7.735,4.554,8,6.733,3.059,2.145,2.311,2.514955,2.918681,1.022553,2.498,3.899,4.208,5.563,5.251,5.963,6.837,7.406,6.34,6.704,6.028,6.72,5.766,5.574,4.812,3.338,3.34,2.346,2.118,1.926,2.359,1.422,1.61,1.733,1.494,1.732,1.308,1.031,
613.000,8.909,4.51,7.453,6.623,5.215,4.437,8.851,3.5,2.477,3.61,2.830442,2.63486,0.5518811,3.537,2.661,3.587,5.162,6.25,6.743,7.53,6.029,6.528,6.142,6.55,6.238,5.45,5.88,4.866,4.359,3.256,2.337,2.344,2.472,1.916,1.962,1.657,1.597,1.696,1.755,1.574,1.451,
614.000,11.485,8.699,15.926,5.603,5.742,6.754,11.348,3.045,3.247,3.189,1.992,1.848454,0.8111301,3.215,2.747,3.729,5.439,4.926,5.39,6.175,6.298,6.483,6.43,7.007,5.058,5.148,5.23,4.396,3.66,3.485,2.716,2.65,1.739,2.395,1.528,2.243,1.732,1.676,1.192,1.239,1.273,
615.000,12.132,9.653,7.4,5.974,3.758,3.746,12.177,3.844,2.986,2.851,1.87,2.728717,0.2078205,2.875,3.828,2.888,4.827,4.744,4.876,6.638,5.872,6.604,6.691,5.459,6.144,5.451,5.279,4.926,3.424,3.117,2.784,2.364,1.505,2.082,1.501,1.624,2.006,1.646,1.424,1.663,1.127,
616.000,11.327,11.733,7.435,4.812,5.152,5.537,13.091,2.514,2.163,2.73,2.347,2.565964,0.08476045,3.296,2.85,4.558,3.683,5.153,5.02,6.089,5.558,6.986,4.972,5.286,5.133,5.801,5.157,4.637,4.076,3.265,2.557,2.848,1.783,1.726,1.675,1.675,1.647,1.768,1.306,1.769,1.044,
617.000,8.374,7.817,5.951,2.179,6.217,5.325,10.609,3.681,3.658,3.079,2.159,2.595415,0.4310382,3.722327,2.67,3.617,3.247,3.83,5.688,4.529,6.1,4.327,5.112,5.327,5.013,5.263,4.904,3.607,3.539,3.637,2.871,2.068,1.691,1.64,1.693,1.976,1.554,1.568,1.273,1.387,1.037,
618.000,18.62,12.246,4.179,6.181,5.7,3.957,13.706,2.668,3.414,2.964,1.94,2.540254,-0.1371578,3.326333,2.701,3.016,4.554,4.803,4.505,5.461,6.505,5.479,5.98,5.484,5.839,5.144,4.721,4.281,3.476,3.731,2.361,1.633,2.002,2.187,2.048,2.04,1.474,1.594,1.478,1.315,1.191,
619.000,13.428,6.877,4.943,5.577,4.753,5.413,10.514,3.033,3.483,1.667,2.023,2.651055,-0.0008541327,4.128165,2.856,3.221,3.773,5.499,5.257,5.48,6.192,5.287,6.597,6.217,5.707,5.283,5.038,3.671,3.912,3.015,2.526,2.572,2.583,1.905,1.414,1.59,1.68,1.683,1.553,1.298,1.308,
620.000,9.484,9.736,5.612,4.284,3.436,3.33,11.169,4.585,3.449,2.368,3.525,2.679831,0.7516575,3.81463,3.736,4.559,3.793,4.841,6.12,6.534,4.494,4.954,5.506,4.981,5.81,4.686,4.457,4.269,3.48,2.886,2.161,1.639,1.964,1.869,2.03,1.652,1.373,1.258,1.635,1.304,1.322,
621.000,17.98,8.433,4.744,4.816,2.166,4.397,9.559,3.489,2.457,2.676,1.643,3.12278,0.6188174,2.899126,2.665,3.178,4.197,3.605,4.975,5.025,5.574,4.588,5.618,6.018,6.264,4.001,3.724,3.677,3.851,2.302,2.288,2.264,2.229,1.426,1.444,1.892,1.323,1.775,1.698,1.559,1.221,
622.000,12.674,11.016,4.134,5.524,4.288,3.574,9.747,4.961,2.365,2.357,1.91,2.869056,0.6014588,2.722655,2.619,3.879,4.723,4.63,5.02,5.96,4.845,5.467,6.267,5.916,5.071,5.024,3.376,4.732,3.424,2.961,2.497,2.557,2.101,2.13,1.639,1.299,1.756,1.755,1.374,1.398,1.08,
623.000,7.384,7.032,6.186,6.35,6.471,5.086,6.266,5.911,3.347,2.848,2.545,2.642199,-0.2508378,3.215451,2.232,4.371,4.068,5.192,4.164,5.339,5.584,4.612,6.219,4.797,4.663,4.423,3.954,3.519,2.751,3.255,2.69,2.097,1.842,2.276,1.572,1.419,1.735,1.458,1.498,1.327,1.189,
624.000,7.91,11.476,7.706,5.277,3.143,3.262,5.866,5.187,2.518,3.719,2.989,3.252,-0.01533972,3.638199,3.165,3.674,3.918,4.57,4.928,5.449,5.816,5.977,5.352,5.617,3.982,5.228,4.166,3.404,2.736,2.281,2.118,2.443,2.33,1.693,1.693,1.668,1.656,1.537,1.476,1.279,1.466,
625.000,7.68,8.739,5.382,4.315,7.367,3.793,5.401,5.839,4.513,2.827,3.274,2.185,0.315526,3.704522,2.586,3.07,4.249,5.011,4.338,5.287,4.908,5.368,5.399,4.502,5.542,4.259,4.376,4.342,3.012,2.11,1.564,1.515,1.385,1.709,2.049,1.195,1.609,1.731,1.414,1.601,1.553,
626.000,9.89,8.716,8.287,4.123,5.281,2.807,5.731,8.937,3.997,2.147,2.896,3.503,1.059479,3.307546,3.085,3.765,4.308,3.748,4.254,5.173,4.783,5.319,5.432,4.59,4.728,4.466,3.876,3.563,2.621,2.813,2.547,2.126,2.087,1.31,2.233,1.805,1.719,1.701,1.521,1.497,1.143,
627.000,9.271,6.517,7.92,4.706,3.464,4.236,3.256,7.306,4.45,2.16,2,2.582,0.6946075,2.700406,3.261102,3.428,3.422,4.644,4.758,5.53,4.472,5.532,5.222,4.236,3.757,4.171,4.518,3.952,3.17,1.856,2.079,1.585,2.057,1.46,1.648,1.377,1.424,1.241,1.484,1.703,1.422,
628.000,9.212,10.217,9.471,6.302,5.063,6.299,2.794,9.761,2.149,2.124,3.199,2.358,1.12891,3.583018,3.350686,3.112,3.317,4.522,3.982,4.509,4.855,4.47,5.167,4.38,4.307,4.315,4.312,4.102,3.013,3.052,2.487,1.894,2.129,1.528,2.123,1.406,1.33,1.37,1.968,1.09,1.165,
629.000,5.875,7.244,3.75,4.672,5.1,5.174,4.501,8.112,3.44,2.447,3.233,2.232,1.310341,3.597647,3.447935,3.452,3.104,4.399,4.692,4.849,4.838,3.829,4.564,4.354,4.506,4.673,3.787,4.498,2.966,2.129,2.1,1.474,1.933,1.478,1.742,1.62,1.512,1.559,1.438,1.372,1.48,
630.000,4.534,11.073,5.502,10.858,2.848,4.827,4.677,9.227,3.039,3.287,3.092,1.774,1.348322,3.121951,2.943857,2.982,3.093,4.5,4.928,4.222,4.097,4.454,5.025,4.267,4.273,4.207,3.53,2.958,3.099,1.882,1.717,1.582,1.863,1.337,1.705,1.72,1.246,1.421,1.256,1.215,1.19,
631.000,6.081,9.66,7.774,5.577,5.785,2.671,3.077,11.656,3.345,2.466,1.781,2.188,1.566564,3.287842,2.983657,2.638,2.311,4.242,3.516,4.506,5.596,4.33,5.292,4.335,4.078,3.843,4.066,3.425,2.796,2.796,1.807,1.709,1.595,1.858,1.532,1.297,1.561,1.332,1.3,1.507,0.916,
632.000,10.29,11.359,11.028,3.448,5.866,2.846,3.016,8.995,2.009,2.72,2.656,1.524,1.083508,3.160328,3.734856,3.165,2.424,3.042,3.044,5.171,4.467,4.399,4.692,4.143,3.723,3.866,3.735,2.463,2.863,2.641,2.046,1.721,1.717,1.588,1.42,1.581,1.93,1.511,0.865,1.604,0.969,
633.000,8.884,6.896,2.409,5.589,4.705,4.338,2.865,10.493,3.579,2.939,1.605,2.102,2.507606,2.830849,3.430059,2.68,3.021,3.423,4.42,4.074,4.946,3.893,4.312,4.418,3.374,3.975,3.525,3.151,2.582,2.044,2.317,1.854,1.5,1.288,1.752,1.352,1.63,1.068,1.944,1.314,1.208,
634.000,3.172,7.622,5.296,6.405,5.694,2.588,5.299,7.146,6.551,2.595,2.899,2.69,1.675,2.779198,3.743952,2.085,3.466,3.501,4.46,4.082,4.609,4.031,4.289,4.625,3.812,3.428,3.211,3.714,3.245,2.633,1.834,1.733,1.701,1.663,1.496,1.529,1.526,1.544,1.089,1.625,0.974,
635.000,13.762,10.591,5.909,6.868,4.035,3.815,4.373,7.749,5.273,1.676,1.442,1.944,2.415,2.925586,3.211968,3.252,3.497,3.156,3.649,5.385,4.204,3.213,4.497,4.411,3.578,3.781,3.368,3.868,2.171,2.164,1.761,2.05,1.441,1.433,1.621,1.276,1.482,1.549,1.362,0.973,1.374,
636.000,9.8,9.629,6.95,4.618,2.903,3.984,4.105,6.912,2.946,2.361,1.49,2.308,1.987,3.329796,4.257043,4.04,3.255,2.713,5.009,4.612,3.784,4.117,3.085,4.457,3.752,3.594,3.065,3.163,3.737,2.81,2.169,1.903,1.483,1.843,1.312,1.436,1.48,1.153,1.04,1.488,0.916,
637.000,4.492,7.998,7.034,4.663,3.161,6.692,4.517,6.638,7.626,2.338,3.295,1.824,2.844,3.073578,3.516508,3.380391,2.381,2.449,4.77,3.384,3.321,3.219,3.495,3.852,3.689,4.125,3.143,2.853,2.644,3.078,1.385,1.51,1.418,1.383,1.843,1.268,1.033,1.495,1.189,1.406,1.312,
638.000,7.603,5.682,4.485,6.39,6.782,6.009,3.832,5.167,7.167,1.476,2.592,1.355,2.864,3.000767,3.988967,3.183107,2.847,2.812,3.407,4.106,3.406,3.293,3.135,4.014,3.458,2.867,2.754,3.05,2.389,2.096,2.091,2.23,1.311,1.423,1.049,1.353,1.095,1.075,1.353,1.62,0.757,
639.000,10.69,8.038,6.757,0.458,5.264,2.593,3.128,3.691,6.638,1.94,3.206,2.426,2.117,2.770236,4.254132,4.118134,2.95,3.485,4.168,4.221,3.454,3.582,3.533,3.233,3.237,3.898,3.463,2.469,1.747,2.206,1.973,1.341,1.334,1.848,1.544,1.604,1.585,1.754,1.036,1.082,1.41,
640.000,3.938,8.796,7.308,3.705,4.571,3.315,4.624,4.767,12.371,2.683,2.688,1.586,1.81,3.255288,4.046391,3.66144,3.219,3.313,4.261,3.045,4.105,4.669,3.961,3.71,2.903,3.511,3.333,2.659,2.106,2.269,1.625,1.877,1.402,2.421,1.265,1.471,1.445,1.613,1.356,1.284,0.684,
641.000,8.172,5.678,5.924,4.941,2.522,3.253,3.323,4.004,8.043,2.595,1.546,3.2,2.485,2.279541,3.63814,2.768667,2.264,2.825,3.877,4.259,3.369,2.947,3.313,3.675,3.46,3.874,2.654,2.824,2.467,1.725,1.466,1.684,1.155,1.243,1.304,1.301,1.164,1.231,1.137,1.657,1.102,
642.000,6.152,5.472,5.902,5.011,3.928,5.322,3.908,2.148,9.947,3.539,1.832,1.537,1.923,2.356673,3.737316,4.061536,2.483,3.36,2.81,3.081,3.465,3.278,3.815,3.008,3.231,3.047,2.541,2.816,2.796,1.876,2.045,1.173,1.438,0.908,1.348,1.175,1.308,0.64,1.339,0.944,1.06,
643.000,11.931,5.878,5.108,5.91,4.028,2.97,4.599,2.956,8.836,3.394,1.888,1.933,2.527,2.666862,3.841326,4.760746,2.475,4.181,3.088,3.433,3.432,3.283,3.273,3.702,2.832,2.409,2.897,2.954,3.287,2.55,1.641,1.858,1.986,1.468,1.171,1.426,1.008,0.881,1.735,0.826,1.11,
644.000,6.399,10.806,8.446,6.001,4.58,2.754,4.282,3.037,7.928,3.654,1.702,2.883,1.184,2.233,3.645899,3.176994,2.868,2.306,3.293,3.387,2.599,3.563,2.683,2.935,3.575,2.478,3.006,2.11,2.429,1.963,1.774,1.181,1.304,1.463,1.64,1.085,1.347,1.135,1.41,0.992,0.749,
645.000,5.21,8.649,5.26,5.531,4.36,2.983,2.75,3.065,7.623,3.583,2.66,2.887,1.688,3.191,3.870222,4.057814,2.002,2.928,2.86,3.362,3.185,3.588,3.152,2.849,3.035,3.315,2.812,2.385,2.318,2.057,1.713,1.709,1.306,1.433,1.717,1.268,0.918,1.011,1.099,1.471,0.93,
646.000,3.824,7.267,5.95,6.306,3.758,4.631,2.167,3.282,8.54,3.544,2.433,1.703,2.891,2.139,3.730148,3.919773,2.628,1.906,2.692,3.244,3.012,3.09,2.882,3.127,2.949,2.987,2.131,2.953,2.743,1.691,1.555,1.253,1.406,1.228,1.085,0.808,0.984,1.015,0.882,1.153,1.117,
647.000,9.16,7.737,4.719,5.947,4.265,2.958,3.644,3.516,6.498,5.289,2.893,2.147,1.547,2.84,3.662938,3.014818,2.350624,2.487,2.944,3.725,2.965,3.035,3.461,3.055,3.255,2.205,2.681,2.255,1.595,1.734,1.742,1.708,1.186,1.675,1.696,1.209,1.259,0.841,0.811,1.033,0.842,
648.000,5.798,8.186,4.622,4.287,5.7,5.751,3.515,4.482,6.616,5.832,2.192,2.43,1.855,1.901,3.478548,3.64001,2.209821,2.919,3.482,2.666,3.068,3.237,3.041,2.82,2.988,2.273,2.587,3.163,2.169,1.757,2.227,1.696,1.106,1.375,1.057,1.257,1.397,1.179,0.984,1.267,1.597,
649.000,8.654,4.048,8.163,3.605,2.563,3.522,3.599,2.86,6.211,4.827,1.67,2.137,2.043,1.881,3.896865,2.398147,2.173109,2.349,2.966,2.781,3.101,2.708,3.861,2.773,2.218,2.831,2.503,2.181,1.565,1.953,1.349,1.898,0.814,1.348,1.225,0.914,1.266,1.135,1.064,1.164,1.071,
650.000,10.438,9.674,3.829,4.37,6.008,1.107,4.404,3.392,4.275,6.178,2.312,1.926,2.002,1.916,3.347939,2.996457,2.781062,1.833,2.778,2.342,3.811,3.325,2.988,2.964,2.635,2.074,2.479,2.131,1.863,1.479,1.658,1.713,1.463,1.417,1.02,1.141,1.369,1.276,1.158,1.437,0.909,
651.000,7.133,8.493,7.411,3.818,5.616,4.558,4.125,3.241,3.969,7.537,2.933,1.853,2.706,2.102,3.159465,3.482045,3.613671,2.951,2.717,3.872,3.099,2.833,1.88,2.529,2.889,2.919,2.52,2.255,1.865,1.634,1.054,1.38,1.726,1.605,1.329,1.319,1.73,1.435,1.355,1.126,1.094,
652.000,7.634,8.172,8.557,3.564,6.08,4.817,4.026,5.258,3.176,7.227,1.682,3.766,2.321,1.495,3.202502,2.991017,2.001234,1.591,2.678,3.189,2.666,2.418,2.332,2.629,2.762,2.644,2.488,2.323,2.06,1.635,1.461,1.605,1.404,1.712,1.306,1.006,1.088,1.501,1.144,0.778,0.922,
653.000,7.545,6.136,4.513,3.584,5.103,2.689,4.314,4.355,5.341,7.586,3.12,2.589,1.974,1.39,3.276024,3.05367,2.977829,1.608,2.96,2.495,2.725,2.889,2.566,2.411,2.785,2.09,2.52,2.172,2.129,1.945,1.323,1.326,1.039,1.3,1.196,1.221,1.088,1.29,1.046,1.525,1.223,
654.000,3.588,7.121,6.221,5.676,2.799,2.617,2.944,3.962,3.516,7.433,4.114,2.509,3.141,1.441,3.388,3.01336,2.880859,2.421,2.418,2.713,3.095,2.591,3.351,3.056,2.729,2.313,1.785,2.259,2.312,1.807,1.626,1.463,1.307,1.224,1.51,1.08,1.156,0.902,0.971,1.253,0.754,
655.000,8.333,8.2,6.913,6.732,5.291,4.348,4.295,3.099,2.783,8.565,3.318,2.382,2.091,2.133,2.738,2.759409,3.514153,2.606,2.316,2.629,2.815,3.187,3.325,3.043,2.34,1.904,1.735,2.337,1.753,1.957,1.679,0.997,0.99,1.513,1.311,1.234,1.22,0.949,1.076,1.129,0.856,
656.000,9.12,7.944,1.766,5.084,3.189,2.849,3.118,3.179,3.663,8.995,3.034,3.021,2.805,1.609,2.322,2.883997,2.453286,1.444,3.292,2.168,2.761,2.477,2.469,2.94,2.778,2.061,2.426,1.881,2.563,1.346,1.185,1.5,1.027,1.047,0.964,0.941,0.952,1.094,0.845,1.111,0.929,
657.000,10.467,8.049,5.157,5.845,5.97,4.256,2.613,4.041,2.522,7.949,3.519,2.312,3.134,1.797,2.372,3.154534,2.768407,1.76343,2.744,2.8,2.894,2.437,2.082,2.741,2.076,2.141,2.16,1.874,1.981,1.631,1.531,1.276,1.277,1.135,1.138,1.09,1.485,1.396,0.706,0.85,1.003,
658.000,5.387,9.445,6.587,6.592,5.208,2.245,2.903,4.163,3.007,7.946,4.047,2.094,1.62,1.958,2.424,2.827624,2.32048,3.013303,1.619,2.389,1.825,2.417,1.773,2.75,1.752,2.675,2.866,2.233,1.951,1.244,1.885,1.344,1.247,1.248,1.438,1.074,0.834,1.106,0.655,1.223,1.155,
659.000,12.73,5.554,4.14,3.843,4.717,2.196,2.857,4.435,3.742,7.622,2.296,2.047,2.752,2.962,1.422,2.909014,2.185431,2.353345,3.036,2.615,3.047,2.926,2.562,2.683,2.278,1.617,1.769,2.139,1.753,1.857,1.351,1.225,1.273,1.286,1.573,0.796,1.127,1.157,0.746,1.062,0.837,
660.000,9.145,5.886,9.335,2.786,4.813,4.226,3.487,3.644,2.561,6.113,3.725,2.704,2.296,1.415,1.717,2.140081,2.20743,1.513121,2.345,1.888,2.357,2.952,2.272,2.356,1.617,2.194,2.13,1.996,1.33,1.847,1.231,0.906,1.255,1.253,1.124,1.716,1.076,0.75,1.032,1.293,1.134,
661.000,8.429,10.23,7.032,4.008,6.369,4.665,4.62,3.63,2.54,4.814,4.009,2.499,2.066,2.389,2.023,1.745149,3.027455,1.477399,2.568,2.4,2.883,2.281,2.705,2.21,2.559,2.146,1.473,2.518,1.168,1.752,1.252,1.24,1.202,1.378,1.088,1.275,1.321,0.896,0.989,1.176,1.52,
662.000,6.669,11.099,5.808,6.902,3.286,4.166,5.033,3.584,2.111,5.455,6.413,1.761,2.377,2.924,2.232,2.757345,2.710821,2.943206,2.074,2.684,2.397,2.764,1.93,2.54,1.948,1.867,1.756,1.96,1.05,1.129,1.666,0.971,1.331,1.249,1.179,1.082,0.917,1.132,0.98,0.936,0.782,
663.000,3.309,9.935,4.101,4.754,3.468,2.924,3.708,3.188,3.369,3.558,5.812,2.749,2.282,2.35,2.219,2.25724,2.841519,2.084639,1.586,2.127,2.851,2.169,2.513,1.841,2.786,1.958,2.606,1.895,1.117,1.407,1.636,1.273,1.213,1.041,0.989,1.007,1.069,1.182,1.438,1.075,0.872,
664.000,6.725,4.4,4.446,5.725,4.739,3.298,3.426,3.598,3.691,3.349,5.909,3.255,1.587,1.791,2.16,2.64,2.542223,2.209327,2.321,1.976,3.199,2.45,2.231,1.675,2.224,2.504,1.927,2.419,1.854,1.484,1.276,1.166,1.286,1.497,1.156,1.337,1.026,1.237,1.02,1.415,1.067,
665.000,11.038,7.998,3.231,5.278,4.174,3.276,4.401,3.938,3.524,4.106,6.276,3.435,2.728,2.467,1.666,2.718,2.598111,2.64705,2.983,2.134,1.855,2.877,2.996,3.002,2.674,3.26,2.261,2.113,1.454,1.795,1.391,1.082,0.816,1.108,1.329,1.087,0.758,1.194,0.764,1.224,0.832,
666.000,8.311,5.975,5.95,4.262,5.078,2.638,4.475,2.924,4.004,3.176,7.122,2.223,2.927,2.531,1.652,1.446,1.851312,3.270727,2.713,2.519,2.405,2.158,2.475,2.079,2.138,1.578,2.119,1.966,1.821,1.402,1.278,1.075,1.482,1.385,1.185,1.538,1.171,0.999,0.904,1.204,0.959,
667.000,6.312,8.302,5.802,9.96,1.848,3.676,4.097,3.361,4.139,3.619,6.832,3.013,2.991,2.408,1.925,2.233,2.054114,2.456017,3.347407,2.967,2.17,3.183,2.298,2.02,2.237,2.346,1.577,2.067,1.553,2.158,1.417,1.134,1.762,1.205,1.363,1.158,0.972,1.132,1.098,1.588,0.999,
668.000,8.331,6.034,7.825,6.574,5.205,5.424,5.137,4.974,2.847,3.157,6.646,3.004,1.823,2.406,3.784,1.964,2.935313,1.424733,3.677742,2.669,1.966,2.365,1.816,2.126,2.367,1.74,2.333,2.238,1.74,1.778,1.185,1.412,1.17,1.137,0.929,1.056,1.386,1.574,1.16,1.133,1.024,
669.000,11.062,8.379,3.534,5.63,4.615,4.518,3.815,2.126,1.939,3.72,7.8,2.647,3.35,2.119,1.714,1.919,2.355522,2.87947,3.951365,1.957,2.589,2.214,2.456,2.969,1.809,1.876,2.028,1.47,1.85,1.262,1.28,1.436,1.365,1.338,1.238,1.377,1.1,1.27,0.973,1.398,1.296,
670.000,6.193,6.142,5.542,9.617,6.085,4.928,3.783,3.644,2.967,3.137,6.296,3.315,2.493,2.208,1.667,2.222,2.671057,2.50684,3.530406,2.617,2.73,1.976,1.922,2.187,2.469,2.222,2.132,1.623,2.088,1.74,1.189,1.41,1.264,1.22,1.067,1.347,0.974,0.88,1.448,1.069,0.91,
671.000,7.888,6.857,5.54,6.556,6.738,4.235,5.603,3.009,3.699,3.255,6.779,2.731,1.99,2.596,2.583,1.209,2.601999,2.597679,3.523626,1.831,2.204,2.24,2.512,2.529,2.204,1.965,2.135,1.797,1.341,1.325,1.729,1.47,0.914,1.023,0.798,1.064,1.129,1.325,1.279,1.526,0.722,
672.000,4.735,7.484,8.362,5.211,3.318,5.332,4.812,3.612,5.117,4.627,7.751,4.606,2.646,1.417,1.582,1.871,2.769232,3.15527,3.602269,2.445,2.447,2.512,2.198,2.051,2.215,2.153,1.886,1.647,2.16,0.884,1.754,1.477,1.268,1.156,1.449,0.841,1.181,1.516,0.837,1.473,1.057,
673.000,7.489,9.248,5.936,6.124,3.408,5.234,3.993,3.39,3.741,5.518,6.751,6.191,1.868,1.823,1.861,1.761,2.057645,2.454485,4.047004,2.078,2.305,2.502,2.666,1.948,1.671,1.947,2.375,1.509,1.685,1.51,0.836,1.262,0.982,0.89,1.302,1.176,1.138,0.864,0.897,1.337,1.415,
674.000,8.24,6.722,7.025,5.526,6.483,3.915,3.004,5.249,2.866,3.748,5.008,5.113,2.038,2.253,1.568,1.626,2.143,3.53881,4.551411,1.862,2.49,2.198,1.415,1.504,1.781,2.602,1.823,2.107,1.864,0.961,1.233,1.39,1.284,1.157,1.368,1.237,0.99,0.976,1.144,0.958,0.679,
675.000,7.039,8.318,10.394,5.292,4.523,4.613,6.448,5.743,4.781,3.244,4.553,5.638,2.881,2.825,2.018,1.852,2.271,3.978272,4.156589,2.791,2.323,1.551,1.797,2.541,2.529,2.304,2.056,2.082,2.296,1.387,1.416,1.01,1.029,1.009,1.203,1.173,0.959,1.415,0.758,1.19,0.986,
676.000,7.42,5.993,6.023,4.807,2.968,5.652,5.129,3.221,5.34,2.609,3.346,4.794,2.855,2.979,2.03,1.533,1.557,3.380298,4.190978,1.821,1.849,1.628,1.623,2.137,1.305,2.406,1.387,1.711,1.543,0.845,1.415,1.276,1.4,0.898,1.27,1.108,0.798,1.167,1.478,1.073,0.991,
677.000,5.122,3.487,4.974,8.378,5.851,6.008,4.926,4.584,4.549,2.948,4.206,6.695,1.977,1.521,1.815,1.631,2.669,3.504602,4.577699,2.217168,1.914,1.608,2.483,2.112,2.034,2.489,1.84,1.334,1.51,1.538,1.14,1.631,1.307,1.266,0.978,1.234,0.968,1.019,0.883,0.727,0.588,
678.000,6.863,4.091,6.156,5.728,6.774,4.346,5.654,4.406,2.959,5,4.369,7.288,2.106,1.08,2.041,2.337,2.686,2.59952,4.098021,1.354226,1.747,2.303,1.67,2.416,1.715,1.754,2.101,2.28,1.858,1.543,1.071,0.976,1.164,0.946,1.104,1.293,1.086,1.257,1.195,0.997,1.222,
679.000,14.886,6.963,8.514,8.275,5.592,3.298,4.241,4.062,4.725,3.616,2.718,6.756,2.974,2.998,2.285,1.92,2.1,2.597643,4.481472,1.545806,1.965,3.144,2.982,1.434,2.377,1.677,2.01,1.783,1.752,2.302,1.571,1.427,1.15,1.116,1.057,0.798,1.52,1.317,1.403,1.284,1.031,
680.000,7.708,6.628,3.768,5.333,4.746,5.531,5.318,4.539,3.548,3.535,2.86,8.833,2.885,1.771,2.257,2.422,2.889,2.752076,3.829175,1.741571,2.079,1.845,1.519,2.393,2.271,2.45,2.315,2.107,1.997,1.315,0.966,1.125,1.253,1.407,1.191,1.029,1.344,0.785,0.906,1.004,0.825,
681.000,10.529,5.827,7.266,6.259,5.636,3.734,4.034,4.374,5.278,4.527,4.559,6.872,2.324,2.805,1.562,2.247,2.847,3.601565,3.541156,1.778726,2.074,1.793,2.504,1.152,2.225,1.602,2.427,1.808,1.269,1.288,1.108,1.038,1.744,1.216,1.376,0.634,1.393,0.994,2.106,0.888,0.939,
682.000,11.866,5.562,8.005,6.324,3.354,4.541,4.502,4.102,4.525,1.521,3.502,6.816,3.457,2.027,2.205,2.207,1.919,3.282527,3.769277,1.463914,1.838,2.256,1.786,1.585,2.037,2.086,1.876,1.624,1.704,1.091,1.465,1.149,1.222,1.416,1.237,1.001,1.147,1.407,1.119,0.751,1.027,
683.000,4.705,7.729,6.822,5.005,7.699,5.502,4.087,4,5.016,3.023,3.923,4.835,3.099,1.383,1.529,2.252,2.493,1.953015,3.984457,0.7773594,1.669,2.611,1.598,2.155,2.233,2.219,1.757,1.78,2.047,1.879,1.207,1.123,1.093,1.199,0.796,1.135,1.513,1.269,1.215,0.999,1.078,
684.000,12.585,3.557,7.011,6.327,4.363,2.823,5.146,3.022,4.948,3.03,3.374,5.295,3.529,1.689,1.943,2.722,2.656,3.11,3.917836,1.556819,2.191,1.805,2.519,1.883,2.253,1.618,1.96,1.572,1.951,1.939,1.788,1.024,1.077,1.325,1.359,1.606,1.078,1.146,1.096,1.182,1.071,
685.000,12.276,7.58,5.411,5.669,3.536,3.624,6.358,4.515,6.039,2.909,3.21,5.882,3.815,2.124,2.662,1.418,1.296,0.864,3.661621,1.846872,2.263,2.559,1.838,3.43,1.888,2.42,1.838,1.468,1.903,1.145,1.003,1.594,1.054,1.488,1.337,1.176,1.121,1.23,1.151,1.022,0.895,
686.000,8.928,4.132,11.77,5.312,6.986,8.123,4.419,4.033,3.771,4.086,4.929,6.2,5.93,2.425,2.547,2.955,1.661,2.068,3.621252,1.346815,1.808,2.075,1.457,2.278,1.784,1.88,1.15,1.953,1.516,1.361,1.739,1.975,1.337,1.295,1.448,1.112,1.372,0.983,1.105,0.749,1.169,
687.000,8.66,6.559,7.399,10.881,1.678,6.031,3.968,5.622,3.898,4.714,3.278,4.423,4.735,2.488,2.501,2.66,3.119,2.107,3.478344,0.4592087,2.116959,2.045,1.688,2.346,1.549,1.868,1.701,1.71,2.157,1.13,1.796,1.285,1.243,0.645,1.267,1.076,0.951,0.751,0.718,1.397,1.55,
688.000,10.008,9.647,7.274,5.969,5.033,6.083,4.329,4.979,4.815,3.16,5.114,4.457,5.242,1.788,1.572,2.318,1.773,3.512,3.300495,0.8842315,2.412358,2.164,1.852,2.718,2.757,1.941,2.797,1.743,1.634,1.711,0.88,1.266,1.869,1.535,1.672,1.207,1.373,1.287,1.219,1.46,0.758,
689.000,8.553,7.011,8.948,3.069,3.248,8.645,4.983,4.92,5.185,5.427,3.48,3.03,7.371,2.609,2.35,2.075,2.203,2.115,2.959355,1.161639,1.970064,2.738,1.613,1.78,2.862,2.147,1.788,2.615,0.938,1.669,1.593,1.281,1.407,1.043,1.571,1.408,1.196,0.939,1.22,1.033,1.053,
690.000,6.297,9.328,5.699,4.273,6.2,5.147,3.355,2.831,4.119,4.752,2.771,3.068,6.096,2.326,2.272,2.962,2.192,1.475,2.775338,0.7867503,2.297857,1.506,2.496,2.755,2.253,1.645,2.475,1.414,1.563,1.453,1.401,1.381,1.505,1.28,1.131,1.596,0.97,1.502,1.416,1.396,1.597,
691.000,8.925,8.174,5.62,8.191,6.043,4.544,4.493,4.416,4.098,4.428,2.927,3.835,6.355,3.087,2.343,1.901,1.72,2.89,2.616442,1.078463,2.347363,2.029,2.567,1.885,1.231,1.804,1.667,2.365,0.999,1.296,1.326,1.353,1.343,1.713,1.731,1.114,1.156,1.262,0.806,0.908,1.29,
692.000,14.918,4.517,10.027,3.375,4.536,5.291,7.114,5.282,6.867,4.099,3.423,3.082,7.169,2.129,2.135,1.798,2.524,2.281,2.094321,0.2576223,2.619668,2.669,2.119,2.044,1.589,1.734,1.035,1.605,1.89,2.049,1.612,1.665,1.111,0.934,1.124,1.08,1.929,1.236,1.071,0.86,0.983,
693.000,9.687,8.694,6.224,6.486,5.258,5.415,3.266,5.826,6.311,4.584,3.321,2.732,8.253,2.993,1.77,2.627,1.806,1.921,2.750642,1.241068,3.067117,2.733,2.384,2.079,1.826,1.198,1.795,1.347,1.325,1.327,1.731,1.678,1.838,1.22,0.967,1.01,1.084,0.986,0.959,1.235,1.113,
694.000,12.148,11.08,8.099,6.055,5.899,8.332,5.414,5.868,4.045,2.712,3.81,4.143,6.319,2.406,1.654,2.446,1.921,3.119,1.947,1.115303,2.957681,2.483,1.433,2.015,2.098,2.046,1.666,1.666,1.924,1.81,1.291,1.332,1.228,1.346,1.087,1.725,1.456,0.805,1.06,1.282,1.334,
695.000,10.241,8.43,6.104,7.38,5.571,6.677,5.977,7.107,6.419,5.559,3.561,2.633,5.312,3.061,2.995,1.611,1.9,2.168,2.027,2.337059,2.730343,1.52,2.578,2.044,2.046,1.267,1.082,1.802,1.952,1.372,1.279,1.37,1.88,1.271,1.164,1.478,0.957,1.477,1.214,1.244,1.195,
696.000,8.843,10.195,7.696,9.515,4.941,3.985,2.448,6.065,4.089,3.549,3.877,3.943,4.795,3.86,1.581,2.174,2.383,2.127,2.086,1.256167,2.76644,1.572,1.904,2.133,2.168,1.042,1.431,1.501,2.054,1.59,1.191,1.134,0.803,1.088,1.386,1.078,0.997,0.844,1.191,1.215,1.091,
697.000,11.686,7.425,10.705,4.67,8.511,6.77,4.213,3.191,4.952,3.304,3.149,4.443,5.517,3.805,2.901,2.028,2.252,2.018,1.884,1.159881,2.713599,1.492452,1.799,2.415,2.275,2.145,1.55,1.753,2.274,1.915,1.661,0.903,1.238,0.82,1.088,1.037,1.399,1.189,1.171,1.323,1.534,
698.000,13.783,9.767,6.161,6.937,5.001,4.859,6.685,2.045,4.389,5.365,4.041,2.711,6.655,5.831,2.326,2.69,1.695,2.397,1.774,1.352394,3.048655,1.875845,1.73,2.201,1.703,1.571,2.303,1.179,1.351,1.927,1.005,1.776,1.877,1.082,1.145,1.569,1.188,1.181,1.255,1.38,1.305,
699.000,13.223,11.473,8.251,2.261,2.573,5.142,5.839,3.135,5.078,3.815,3.403,3.751,5.121,3.095,2.405,2.2,2.703,2.009,2.944,1.713015,2.784103,1.2717,1.547,2.111,1.855,1.755,2.34,1.915,1.818,1.521,1.637,1.577,1.323,1.436,1.23,1.165,0.813,1.364,1.228,1.209,1.348,
700.000,10.056,10.517,11.127,2.981,6.077,4.908,4.896,4.617,5.462,4.707,4.107,3.737,4.405,3.364,2.426,3.426,2.705,2.25,2.229,0.8265939,3.108857,0.6648796,2.246,1.851,2.299,1.412,2.738,2,1.745,1.1,0.803,0.828,1.414,0.907,1.681,1.854,1.369,1.393,1.452,1.209,1.673,
701.000,14.626,8.877,9.66,4.386,4.485,6.433,5.626,5.594,2.202,4.075,4.406,3.869,3.995,4.777,2.691,2.223,1.693,2.706,2.565,1.005082,3.24427,0.9649601,2.845,1.784,2.043,1.584,1.389,1.933,2.043,1.624,1.502,0.923,1.92,0.72,0.697,1.495,1.323,1.468,0.956,1.232,0.923,
702.000,4.476,11.438,11.233,6.371,6.279,5.531,2.662,5.638,4.545,2.983,5.204,2.043,5.23,5.276,2.276,3.16,2.809,3.307,2.541,1.681432,2.797499,0.4578896,1.946,1.207,1.858,1.779,1.511,1.689,1.859,1.286,1.606,1.321,1.507,1.472,1.337,1.46,1.181,1.119,1.176,1.117,1.206,
703.000,14.004,8.792,8.526,6.694,7.157,5.791,2.298,3.459,4.024,5.844,4.103,3.63,4.147,4.323,1.769,2.82,2.219,2.689,2.531,1.565954,3.237858,0.1951787,2.916,2.723,2.402,1.906,1.933,2.84,1.56,1.57,1.1,1.625,1.199,1.061,1.01,0.925,1.826,1.66,1.566,1.048,1.368,
704.000,13.114,12.761,8.414,5.602,4.783,4.65,2.755,5.337,4.356,3.176,5.582,5.27,3.443,4.821,1.727,1.804,2.669,2.101,2.639,3.218,3.084421,0.1528405,3.067,2.056,1.604,1.466,1.811,1.921,2.402,2.123,1.545,0.83,1.512,1.274,1.575,1.375,1.065,1.445,1.732,1.609,1.61,
705.000,3.256,8.632,8.805,4.838,10.344,5.155,5.394,7.46,3.534,3.285,4.32,3.852,4.722,6.383,3.354,0.906,3.057,2.899,2.26,1.91,3.23256,0.5208918,1.784,1.448,1.731,1.492,1.608,2.136,1.182,1.718,0.978,1.506,1.869,1.322,1.918,1.239,1.208,1.505,1.7,1.305,1.197,
706.000,7.322,4.947,7.345,8.225,4.743,4.657,4.383,5.795,3.553,3.775,3.182,3.168,3.088,6.33,3.021,3.026,1.584,2.17,1.667,2.196,3.193656,-0.1590065,2.606,1.881,2.637,1.551,2.053,1.637,0.862,1.077,1.191,1.312,1.34,1.409,0.933,1.079,1.56,1.216,1.142,1.522,1.362,
707.000,8.781,7.508,7.117,2.941,5.301,6.146,6.072,3.275,6.902,3.27,4.067,4.55,4.681,6.731,3.921,2.334,2.916,2.734,2.237,3.066,3.32439,0.09727128,2.453158,1.986,1.931,1.672,2.695,1.857,1.519,0.852,1.767,1.385,1.421,1.482,0.741,1.994,0.971,1.023,0.687,1.241,1.094,
708.000,13.698,12.832,10.254,6.455,6.049,4.906,7.191,5.889,4.796,3.416,3.331,1.82,4.828,7.083,4.083,2.109,1.905,3.494,2.869,2.282,2.875134,-0.2315863,1.447087,2.659,1.374,1.624,2.466,2.114,2.132,1.645,1.001,2.315,1.288,1.418,1.048,1.284,0.919,1.123,1.085,1.111,1.248,
709.000,10.17,10.66,4.076,6.093,7.893,5.347,4.666,3.006,5.733,3.779,2.92,3.117,2.484,4.261,3.846,2.257,2.586,1.808,2.513,2.65,2.903431,0.1114671,1.353294,1.675,3.411,1.376,1.774,2.535,2.017,1.423,1.593,1.588,1.351,0.947,1.296,1.781,1.488,1.181,0.947,1.391,1.063,
710.000,10.503,10.488,6.432,7.459,11.152,7.418,4.06,5.513,4.812,3.499,4.415,4.655,4.306,6.392,3.263,2.236,1.881,2.737,2.077,2.564,3.279709,-0.2101415,2.307625,1.924,2.301,2.074,1.905,1.573,1.846,1.541,1.52,1.424,1.344,0.908,1.06,1.21,1.627,1.497,1.608,0.999,1.143,
711.000,10.043,7.865,5.17,7.166,2.661,3.635,6.013,5.114,1.749,3.728,3.318,4.367,4.088,5.524,3.488,3.424,1.814,3.448,2.117,3.215,3.27921,0.3963128,2.101665,2.369,1.811,2.867,1.891,1.747,1.509,1.554,1.227,2.308,1.813,1.361,1.333,1.126,1.006,1.656,1.131,0.86,1.651,
712.000,9.424,11.738,5.896,7.389,4.859,6.765,7.134,6.332,2.398,6.906,4.685,2.572,2.932,3.953,4.401,2.869,3.71,3.185,1.916,2.444,3.357764,0.7255295,2.243893,2.234,1.841,1.875,1.487,2.029,2.045,1.51,1.402,1.784,1.822,1.026,1.253,0.989,1.238,0.994,2.455,1.128,1.262,
713.000,5.632,9.197,5.302,6.694,4.669,3.811,5.271,2.264,5.634,4.485,3.496,3.415,4.816,3.746,6.002,1.616,2.664,2.235,2.101,2.426,3.084241,0.7055724,1.871639,1.435,1.762,2.18,1.73,2.324,2.241,1.287,1.372,1.507,1.913,1.283,1.342,1.127,1.634,1.148,1.307,0.739,1.473,
714.000,15.417,13.209,7.028,8.452,5.806,3.814,5.239,8.988,4.252,4.065,5.258,2.71,3.001,4.081,5.635,3.687,3.407,4.267,1.926,3.656,2.993,0.9530433,3.28825,1.916,1.828,2.329,0.872,1.156,1.428,1.72,1.571,1.658,1.542,1.528,1.583,1.486,1.406,0.979,1.218,1.554,1.409,
715.000,9.552,9.32,10.91,6.517,4.316,5.234,5.229,7.125,6.28,4.837,4.852,2.875,2.479,4.085,5.133,1.054,2.886,3.113,2.674,1.535,3.028,0.6478192,3.686122,2.744,1.565,1.316,2.939,1.535,0.751,1.974,1.312,1.17,2.117,1.007,0.971,0.994,1.626,1.3,1.451,0.856,1.174,
716.000,20.299,6.796,6.949,7.177,5.073,6.789,7.845,7.659,5.36,4.262,4.381,3.592,3.35,3.767,6.172,2.516,3.297,2.86,4.238,1.799,2.413,0.6858862,1.5962,1.903,1.617,1.835,2.214,1.494,1.581,1.455,1.432,1.788,1.762,1.554,1.352,1.55,2.132,1.763,2.115,1.688,1.282,
717.000,7.736,8.975,3.23,6.104,4.869,4.588,4.575,4.471,5.022,1.136,4.225,3.615,4.312,3.485,6.28,2.587,2.861,3.531,3.416,2.453,2.276,0.6625282,2.346193,1.902958,1.952,1.621,1.202,1.849,2.829,1.245,1.424,1.304,1.549,1.621,1.459,1.591,1.467,1.537,1.533,0.869,1.189,
718.000,7.875,4.657,5.213,8.894,5.675,6.724,3.699,4.326,4.171,7.093,4.166,3.82,5.225,2.723,6.314,2.736,0.778,3.504,2.75,2.251,2.268,1.224536,3.308659,1.974625,2.169,2.115,1.865,1.096,2.72,1.637,1.991,1.912,2.009,1.105,1.351,1.9,1.081,1.096,1.628,1.656,2.052,
719.000,15.703,4.13,9.475,7.769,9.692,6.488,5.207,4.95,4.343,2.72,3.978,3.633,2.787,3.308,4.695,2.226,3.595,2.872,3.235,2.574,3.446,0.8280266,1.799226,2.10812,1.913,2.589,1.856,2.666,2.203,1.53,1.193,1.492,1.307,1.198,1.745,1.826,1.75,1.149,1.251,1.544,1.656,
720.000,8.517,12.415,11.572,7,7.497,4.773,3.134,4.697,6.094,6.258,3.873,4.342,4.136,1.727,4.696,3.077,2.82,2.676,3.042,3.206,2.838,0.9767679,2.201464,2.595607,2.27,1.657,1.714,2.442,2.018,1.607,1.37,1.848,1.03,1.718,1.882,1.258,0.97,1.69,1.43,1.041,1.42,
721.000,12.917,1.685,9.327,5.388,3.52,5.35,4.887,9.72,6.027,2.477,4.401,4.029,5.208,4.665,6.195,3.564,3.726,2.665,2.464,2.526,1.565,1.540717,3.771532,2.020387,2.581,2.586,1.65,1.447,1.147,1.539,1.475,1.45,1.66,1.186,1.951,1.393,1.156,1.669,1.017,1.399,1.262,
722.000,10.627,16.164,10.631,2.375,7.844,5.255,5.879,6.917,5.116,7.729,2.898,1.854,2.509,3.205,5.457,3.039,1.607,4.616,2.174,2.85,3.596,1.357926,2.944493,2.420981,1.846,2.547,1.972,2.123,2.057,1.412,1.489,1.461,1.421,1.789,1.363,1.639,1.386,1.379,1.495,1.906,1.107,
723.000,16.587,16.935,9.964,6.787,7.891,3.616,8.459,4.253,3.94,6.014,4.707,3.381,3.81,2.676,4.97,3.248,3.571,2.958,2.882,2.332,3.059,1.864336,3.114479,1.645396,2.734,1.557,2.505,2.284,1.678,1.688,1.702,2.438,1.933,1.686,1.249,1.454,1.541,1.52,1.121,1.484,0.916,
724.000,9.524,3.425,10.658,6.469,5.1,6.03,2.425,3.646,5.062,7.069,4.391,5.983,5.328,3.178,4.484,3.686,4.396,3.453,3.324,3.221,3.171,2.092,3.435948,1.933091,1.759,1.125,1.584,2.555,2.668,2.241,1.604,1.877,1.396,1.863,1.221,1.412,1.476,1.197,1.533,1.649,0.955,
725.000,9.817,5.16,0.895,9.733,7.102,5.593,5.445,3.371,3.613,5.542,6.147,4.108,4.979,3.64,5.657,3.978,3.968,5.076,4.065,3.636,2.114,2.249,3.707322,1.435753,1.804,2.474,1.661,2.387,2.283,1.81,1.647,2.283,1.026,1.312,1.573,1.214,1.615,1.126,1.656,1.644,1.764,
726.000,14.793,9.819,7.252,5.604,8.27,1.845,2.093,2.41,7.386,3.957,3.85,4.515,3.344,3.57,5.051,5.077,2.964,2.927,4.406,3.928,2.492,2.147,4.791035,1.621057,2.307,1.803,1.711,1.662,1.925,1.832,1.566,1.535,1.32,1.171,1.468,1.539,1.519,1.056,1.249,1.637,1.33,
727.000,14.272,7.459,6.231,6.288,9.577,8.244,3.967,6.216,6.082,3.798,7.208,4.068,3.073,3.331,4.184,6.72,2.574,2.483,3.571,2.849,2.723,3.62,2.948467,1.167192,2.082028,2.685,1.917,2.461,2.587,2.215,1.955,1.82,1.724,1.711,1.598,1.507,1.666,1.452,1.643,1.496,1.161,
728.000,15.001,7.216,10.426,6.07,8.668,4.703,3.646,3.639,8.588,5.77,2.611,4.981,4.254,4.357,2.952,5.773,3.635,3.893,3.952,3.166,2.907,2.688,4.203207,1.863679,1.77671,2.014,2.33,1.761,2.298,2.448,0.751,1.517,1.174,1.406,1.296,2.286,1.266,1.811,1.267,1.935,1.164,
729.000,8.084,6.906,9.4,4.972,8.164,6.063,4.111,3.32,6.57,5.105,5.156,5.321,3.397,5.59,4.75,7.038,3.619,2.769,3.505,3.239,3.266,3.243,3.851636,1.555287,3.273892,1.793,2.459,1.167,1.776,1.437,1.911,1.326,1.833,1.868,1.701,1.039,1.971,2.118,1.493,1.697,1.498,
730.000,7.487,15.342,10.678,8.717,3.253,7.305,6.223,8.749,6.607,4.716,4.556,4.445,4.344,3.478,3.855,6.27,5.232,3.91,3.173,3.638,2.725,3.145,3.504417,1.087476,1.439826,2.639,1.639,2.368,1.749,1.865,1.427,1.359,1.938,1.899,1.137,1.969,2.167,1.41,1.976,1.619,1.42,
731.000,14.446,17.9,6.396,12.964,11.491,3.493,6.531,8.374,5.718,6.794,2.744,3.812,5.002,4.35,4.464,6.658,3.176,2.05,3.59,2.798,3.553,2.676,3.095604,1.751157,2.791751,1.432,2.451,2.672,1.607,1.767,0.994,1.758,1.338,1.41,1.001,1.447,1.228,1.892,1.628,1.42,1.066,
732.000,13.265,7.44,13.644,9.109,4.239,8.246,6.682,4.894,2.867,6.663,8.753,4.161,3.572,2.273,3.427,6.541,4.234,3.839,3.099,3.288,2.198,2.767,2.893302,0.7290292,2.924021,2.403,2.193,1.669,2.265,1.721,1.643,0.915,1.221,1.788,1.84,1.609,1.441,1.439,1.308,0.872,1.026,
733.000,7.965,4.829,10.725,5.921,6.215,7.684,7.046,5.83,7.288,3.922,3.36,4.312,5.081,4.055,3.43,6.713,4.193,3.79,4.53,4.224,3.399,3.172,2.334144,1.043084,2.239911,3.024,2.296,3.307,1.869,1.939,1.283,1.694,1.87,2.212,1.202,1.465,1.648,1.92,0.95,1.884,1.561,
734.000,19.01,18.03,7.68,8.117,6.603,8.981,4.128,5.192,5.47,5.558,4.657,4.268,4.731,4.312,3.454,8.336,4.721,4.473,4.268,3.226,2.921,3.781,2.624,1.414878,2.293189,2.275,2.321,1.913,2.412,1.534,1.97,1.199,1.402,1.798,1.247,2.009,1.187,1.933,1.08,1.525,1.856,
735.000,16.437,8.135,12.368,9.742,10.881,6.379,4.182,4.677,5.404,6.854,4.363,3.793,5.39,4.275,4.313,6.044,5.404,3.626,5.714,3.655,4.269,3.299,2.397,1.76247,2.664093,2.762,2.581,3.006,2.322,2.135,1.29,1.388,1.542,1.695,1.148,1.193,1.941,1.827,2.292,2.155,1.002,
736.000,25.07,9.308,4.575,9.233,5.87,5.964,8.021,8.48,3.7,3.091,5.499,3.731,3.634,4.117,3.822,5.362,6.124,4.297,4.813,3.727,4.173,3.83,4.226,1.679686,2.803175,1.903,1.92,2.049,2.28,2.151,1.259,2.562,1.34,1.159,1.761,1.204,1.503,1.496,1.469,1.309,1.784,
737.000,11.517,19.276,11.057,8.905,6.993,5.984,6.385,2.814,3.9,5.027,5.211,4.455,1.447,5.354,1.833,6.335,6.676,3.807,3.918,2.751,4.569,3.74,1.852,1.058535,3.132738,5.882711,1.565,1.813,2.59,1.247,2.237,2.493,2.245,1.616,1.951,1.612,1.291,1.588,1.772,1.399,1.261,
738.000,4.725,10.082,6.481,5.557,10.474,6.258,6.849,10.617,6.129,7.323,5.792,3.929,4.297,3.837,3.957,5.193,5.97,5.174,3.382,2.558,3.636,2.493,2.372,1.37898,3.634039,-6.929681,2.007,1.534,2.191,1.757,1.449,1.544,1.953,1.374,1.993,1.827,1.544,1.636,2.199,1.969,1.68,
739.000,19.867,12.099,7.844,4.429,9.368,6.383,5.759,6.924,6.562,3.894,4.733,4.22,3.61,5.295,4.087,5.696,6.502,3.786,3.749,4.786,2.452,3.993,3.082,1.482215,2.412557,7.366614,2.066,1.775,1.756,2.272,1.204,2.558,1.967,1.492,1.686,2.362,2.241,1.789,1.204,0.883,1.503,
740.000,21.781,7.439,6.922,10.135,8.217,7.575,11.282,5.073,5.105,4.002,3.486,4.444,6.842,3.838,3.554,4.387,6.422,3.469,3.592,2.936,3.578,3.468,2.639,1.741382,2.746037,42.10786,2.038,2.055,2.285,1.662,1.28,2.012,1.456,1.876,1.71,1.672,1.201,2.302,2.184,1.156,1.659,
741.000,15.079,8.152,4.47,8.719,10.588,6.765,4.615,5.774,4.792,5.286,7.679,4.238,5.054,5.543,4.051,6.002,5.808,3.785,4.872,4.587,4.963,3.238,3.373,1.796849,2.442791,48.22509,2.82,1.99,1.099,1.055,2.067,2.55,2.34,1.517,1.405,2.051,1.778,1.602,2.21,1.662,2.063,
742.000,19.874,14.26,7.008,7.593,8.642,10.826,4.657,5.867,7.153,5.053,3.55,3.323,4.38,3.515,4.261,2.98,8.231,4.664,3.502,4.122,3.825,2.208,3.018,2.154351,2.78892,40.6198,2.29,1.82,2.782,2.674,2.136,1.444,1.95,1.597,1.833,1.877,2.001,1.041,1.368,1.33,1.913,
743.000,17.12,5.045,9.466,12.087,9.474,5.066,3.826,8.805,1.644,7.384,3.418,5.335,3.296,2.74,4.798,6.047,5.389,5.138,3.03,3.949,4.312,4.272,3.204,2.124738,2.19045,64.01785,2.191,2.294,1.898,1.974,2.489,1.364,2.253,1.624,1.537,1.018,1.402,1.576,1.608,1.608,1.813,
744.000,11.465,7.547,7.971,6.447,4.096,5.829,6.788,4.867,6.44,4.756,3.893,4.858,5.2,3.87,4.132,4.276,8.056,6.577,3.788,3.868,5.49,3.794,3.778,2.121,2.729654,54.04586,1.713,2.067,2.238,3.011,2.027,1.868,1.392,1.432,1.763,1.916,1.459,2.001,1.603,2.667,1.455,
745.000,16.536,10.661,11.928,9.173,7.503,4.437,3.942,4.199,3.967,4.074,3.86,4.661,4.544,4.271,4.887,5.545,6.691,6.585,4.577,3.769,3.683,3.64,3.485,2.794,2.38395,62.76061,3.077,2.466,1.725,1.046,2.17,2.734,1.119,2.135,1.544,1.684,2.36,1.754,1.511,1.934,1.785,
746.000,25.221,12.132,8.63,6.308,11.695,6.739,7.992,10.415,7.9,7.733,4.203,6.343,4.282,4.861,5.831,3.752,6.555,4.382,3.083,4.903,4.601,3.052,3.209,2.962,2.263235,54.79213,2.492,1.502,2.354,2.137,2.521,2.018,2.313,2.827,2.002,2.068,1.131,1.356,1.922,1.61,1.153,
747.000,25.073,16.313,5.224,10.792,2.436,5.663,2.708,5.691,6.662,6.208,4.891,4.154,6.175,5.947,4.233,4.117,7.196,6.748,4.537,3.634,4.141,3.622,3.632,3.149,2.63978,71.89041,2.28987,1.849,2.635,1.709,1.557,1.6,1.837,1.936,1.541,2.553,1.15,2.362,1.366,1.996,1.328,
748.000,30.426,4.276,13.225,4.318,8.537,8.703,5.585,4.58,6.264,5.246,5.813,4.053,5.96,4.679,4.835,4.933,5.525,4.556,5.346,3.685,4.025,3.868,2.851,2.788,1.390989,54.9177,3.127636,2.303,1.954,2.938,2.084,2.126,1.828,1.493,2.212,1.933,1.861,2.458,0.996,1.747,1.982,
749.000,24.104,12.735,12.9,10.3,6.885,5.182,8.991,8.545,3.975,3.344,3.853,5.444,6.624,5.172,5.942,3.834,6.801,5.003,4.509,4.086,4.642,4.075,3.065,3.216,1.402254,47.59959,2.08444,2.42,2.6,1.613,1.757,2.347,1.983,1.965,2.127,2.206,1.323,1.754,1.232,1.715,1.217,
750.000,26.932,9.645,10.134,6.101,8.184,7.004,5.85,4.637,8.044,7.656,4.303,5.86,2.64,5.3,5.932,4.678,6.023,5.503,2.268,4.083,5.618,4.039,3.436,2.287,1.082454,35.24945,2.147027,1.785548,1.65161,2.102459,1.53511,0.8989174,1.071498,0.884685,1.065502,1.20239,1.503919,0.6201439,0.9522089,0.8690857,1.014657,
